20
0 25 43 13 47 87 93 51 10 57 67 12 75 16 31 31 13 48 46 35
25 0 45 54 81 55 11 71 73 71 36 20 80 58 15 89 14 52 91 55
43 45 0 51 87 85 78 27 16 49 24 10 82 43 98 44 27 79 56 50
13 54 51 0 78 76 89 95 83 13 49 81 36 53 28 92 77 70 53 13
47 81 87 78 0 75 14 19 82 51 59 53 37 83 70 48 31 52 43 79
87 55 85 76 75 0 77 78 80 95 40 93 39 24 25 77 75 34 43 68
93 11 78 89 14 77 0 62 35 94 95 67 61 97 42 39 51 73 32 56
51 71 27 95 19 78 62 0 69 29 64 36 45 71 12 90 59 28 34 66
10 73 16 83 82 80 35 69 0 33 71 70 38 30 59 32 92 38 86 79
57 71 49 13 51 95 94 29 33 0 21 94 66 20 40 41 11 84 57 35
67 36 24 49 59 40 95 64 71 21 0 70 50 72 31 16 56 37 38 31
12 20 10 81 53 93 67 36 70 94 70 0 24 32 52 37 65 51 28 72
75 80 82 36 37 39 61 45 38 66 50 24 0 36 36 85 71 30 96 88
16 58 43 53 83 24 97 71 30 20 72 32 36 0 61 43 31 59 42 99
31 15 98 28 70 25 42 12 59 40 31 52 36 61 0 41 91 62 48 21
31 89 44 92 48 77 39 90 32 41 16 37 85 43 41 0 59 89 16 38
13 14 27 77 31 75 51 59 92 11 56 65 71 31 91 59 0 92 63 97
48 52 79 70 52 34 73 28 38 84 37 51 30 59 62 89 92 0 16 80
46 91 56 53 43 43 32 34 86 57 38 28 96 42 48 16 63 16 0 12
35 55 50 13 79 68 56 66 79 35 31 72 88 99 21 38 97 80 12 0