30
0 51 10 60 50 63 37 49 93 75 25 51 99 87 59 26 35 60 66 35 88 70 87 72 96 63 86 15 80 77
51 0 82 55 37 92 94 28 65 57 55 65 89 94 46 36 67 89 17 80 83 23 53 77 82 79 31 17 47 57
10 82 0 22 86 33 20 53 44 32 88 69 31 57 65 30 77 51 41 74 45 85 15 23 30 71 47 99 24 98
60 55 22 0 60 69 36 95 76 33 92 87 25 67 66 17 77 49 18 48 66 96 91 32 28 28 84 50 14 48
50 37 86 60 0 31 98 48 49 84 21 70 89 43 59 55 29 34 88 69 33 16 52 77 94 13 50 70 86 92
63 92 33 69 31 0 45 35 97 65 61 86 50 37 60 64 95 57 28 38 10 24 23 31 49 12 36 20 10 58
37 94 20 36 98 45 0 74 97 41 81 11 50 71 92 13 24 61 13 53 61 43 37 37 17 38 74 70 11 75
49 28 53 95 48 35 74 0 77 50 97 65 74 17 67 30 33 12 81 68 62 74 34 37 65 83 77 58 37 76
93 65 44 76 49 97 97 77 0 60 79 90 18 74 63 37 16 15 54 22 61 42 86 41 90 35 74 78 23 47
75 57 32 33 84 65 41 50 60 0 60 35 65 79 67 77 51 53 82 17 27 40 40 15 42 49 95 10 57 88
25 55 88 92 21 61 81 97 79 60 0 62 21 68 32 81 78 43 31 62 17 91 87 81 41 67 26 67 51 48
51 65 69 87 70 86 11 65 90 35 62 0 18 22 67 22 96 36 97 77 55 35 90 58 94 64 19 26 46 54
99 89 31 25 89 50 50 74 18 65 21 18 0 49 53 53 14 15 11 62 55 98 89 48 48 63 42 50 34 42
87 94 57 67 43 37 71 17 74 79 68 22 49 0 16 40 10 53 58 49 56 31 29 12 52 42 42 38 78 87
59 46 65 66 59 60 92 67 63 67 32 67 53 16 0 83 62 28 20 30 36 86 47 96 69 28 64 32 97 91
26 36 30 17 55 64 13 30 37 77 81 22 53 40 83 0 20 46 59 25 41 21 10 65 66 40 63 71 11 43
35 67 77 77 29 95 24 33 16 51 78 96 14 10 62 20 0 91 39 89 82 17 74 90 23 60 20 20 21 59
60 89 51 49 34 57 61 12 15 53 43 36 15 53 28 46 91 0 85 16 67 73 15 23 48 11 69 44 13 95
66 17 41 18 88 28 13 81 54 82 31 97 11 58 20 59 39 85 0 71 45 32 37 12 64 21 13 95 69 32
35 80 74 48 69 38 53 68 22 17 62 77 62 49 30 25 89 16 71 0 36 52 74 18 47 37 26 72 83 20
88 83 45 66 33 10 61 62 61 27 17 55 55 56 36 41 82 67 45 36 0 82 29 98 38 96 24 41 95 34
70 23 85 96 16 24 43 74 42 40 91 35 98 31 86 21 17 73 32 52 82 0 82 54 61 41 80 60 80 74
87 53 15 91 52 23 37 34 86 40 87 90 89 29 47 10 74 15 37 74 29 82 0 69 37 26 75 11 72 29
72 77 23 32 77 31 37 37 41 15 81 58 48 12 96 65 90 23 12 18 98 54 69 0 64 18 69 10 48 75
96 82 30 28 94 49 17 65 90 42 41 94 48 52 69 66 23 48 64 47 38 61 37 64 0 95 54 68 61 66
63 79 71 28 13 12 38 83 35 49 67 64 63 42 28 40 60 11 21 37 96 41 26 18 95 0 39 74 35 70
86 31 47 84 50 36 74 77 74 95 26 19 42 42 64 63 20 69 13 26 24 80 75 69 54 39 0 50 15 34
15 17 99 50 70 20 70 58 78 10 67 26 50 38 32 71 20 44 95 72 41 60 11 10 68 74 50 0 87 71
80 47 24 14 86 10 11 37 23 57 51 46 34 78 97 11 21 13 69 83 95 80 72 48 61 35 15 87 0 59
77 57 98 48 92 58 75 76 47 88 48 54 42 87 91 43 59 95 32 20 34 74 29 75 66 70 34 71 59 0