25
0 53 59 14 17 83 99 50 47 97 23 30 26 78 70 45 12 37 47 72 37 85 62 95 60
53 0 19 95 14 49 10 97 63 82 91 55 19 76 58 48 92 83 73 59 10 11 70 60 19
59 19 0 85 77 90 83 86 84 45 13 32 66 52 33 28 99 30 10 51 46 24 44 92 39
14 95 85 0 53 17 69 22 33 76 17 36 82 83 51 28 28 79 24 27 59 91 20 21 96
17 14 77 53 0 23 90 65 77 97 25 40 26 97 45 88 57 91 57 53 55 42 43 39 18
83 49 90 17 23 0 89 82 49 45 27 86 62 79 95 96 81 84 89 92 39 36 47 39 53
99 10 83 69 90 89 0 36 75 32 65 22 67 87 89 63 22 17 70 48 55 10 95 72 95
50 97 86 22 65 82 36 0 99 80 85 69 20 93 47 96 58 13 51 78 59 89 97 58 79
47 63 84 33 77 49 75 99 0 30 73 60 70 22 75 95 80 98 30 38 79 29 82 22 59
97 82 45 76 97 45 32 80 30 0 73 81 94 10 81 36 83 57 51 46 46 96 11 10 97
23 91 13 17 25 27 65 85 73 73 0 71 44 30 60 41 14 25 14 62 44 27 56 28 10
30 55 32 36 40 86 22 69 60 81 71 0 53 23 87 28 32 78 64 80 43 46 26 28 41
26 19 66 82 26 62 67 20 70 94 44 53 0 59 57 92 17 61 72 40 98 76 87 62 73
78 76 52 83 97 79 87 93 22 10 30 23 59 0 14 91 40 72 75 26 72 34 95 39 38
70 58 33 51 45 95 89 47 75 81 60 87 57 14 0 58 41 99 82 46 63 72 18 96 76
45 48 28 28 88 96 63 96 95 36 41 28 92 91 58 0 18 56 75 64 67 37 21 44 98
12 92 99 28 57 81 22 58 80 83 14 32 17 40 41 18 0 99 18 17 95 25 63 14 67
37 83 30 79 91 84 17 13 98 57 25 78 61 72 99 56 99 0 92 38 45 50 99 38 43
47 73 10 24 57 89 70 51 30 51 14 64 72 75 82 75 18 92 0 97 73 60 48 29 99
72 59 51 27 53 92 48 78 38 46 62 80 40 26 46 64 17 38 97 0 13 69 71 97 32
37 10 46 59 55 39 55 59 79 46 44 43 98 72 63 67 95 45 73 13 0 23 24 15 92
85 11 24 91 42 36 10 89 29 96 27 46 76 34 72 37 25 50 60 69 23 0 86 42 55
62 70 44 20 43 47 95 97 82 11 56 26 87 95 18 21 63 99 48 71 24 86 0 74 19
95 60 92 21 39 39 72 58 22 10 28 28 62 39 96 44 14 38 29 97 15 42 74 0 85
60 19 39 96 18 53 95 79 59 97 10 41 73 38 76 98 67 43 99 32 92 55 19 85 0