15
0 19 77 15 90 44 51 54 29 10 44 36 10 16 78
19 0 16 83 15 35 24 44 83 55 97 22 60 51 64
77 16 0 91 54 52 95 14 83 83 51 91 67 92 90
15 83 91 0 58 76 91 61 43 93 79 64 95 56 49
90 15 54 58 0 60 12 31 20 10 95 44 84 37 46
44 35 52 76 60 0 43 39 90 52 99 95 83 70 84
51 24 95 91 12 43 0 77 34 38 78 44 45 15 68
54 44 14 61 31 39 77 0 71 79 33 82 14 57 23
29 83 83 43 20 90 34 71 0 82 91 19 70 34 35
10 55 83 93 10 52 38 79 82 0 97 18 39 72 80
44 97 51 79 95 99 78 33 91 97 0 63 39 92 58
36 22 91 64 44 95 44 82 19 18 63 0 23 37 82
10 60 67 95 84 83 45 14 70 39 39 23 0 27 75
16 51 92 56 37 70 15 57 34 72 92 37 27 0 97
78 64 90 49 46 84 68 23 35 80 58 82 75 97 0