20
0 12 72 52 89 22 58 88 11 29 84 14 21 75 14 32 22 87 22 16
12 0 67 19 99 21 34 46 88 91 59 52 85 83 77 43 30 36 42 50
72 67 0 19 82 22 76 86 81 29 83 88 68 95 73 83 67 27 39 30
52 19 19 0 88 38 88 12 75 81 46 36 81 38 66 84 39 64 58 82
89 99 82 88 0 76 51 76 88 11 43 25 61 17 89 25 85 31 83 72
22 21 22 38 76 0 94 32 98 19 73 81 30 33 95 43 39 70 20 59
58 34 76 88 51 94 0 73 29 59 73 48 59 85 93 91 74 60 53 82
88 46 86 12 76 32 73 0 99 61 16 18 16 88 49 12 95 57 20 88
11 88 81 75 88 98 29 99 0 19 22 97 47 97 40 20 13 96 79 21
29 91 29 81 11 19 59 61 19 0 90 76 36 49 18 40 81 33 89 16
84 59 83 46 43 73 73 16 22 90 0 67 39 42 48 86 10 32 51 69
14 52 88 36 25 81 48 18 97 76 67 0 29 22 48 96 45 85 85 65
21 85 68 81 61 30 59 16 47 36 39 29 0 53 41 56 54 51 34 53
75 83 95 38 17 33 85 88 97 49 42 22 53 0 23 59 73 50 52 88
14 77 73 66 89 95 93 49 40 18 48 48 41 23 0 49 98 74 74 35
32 43 83 84 25 43 91 12 20 40 86 96 56 59 49 0 39 55 52 64
22 30 67 39 85 39 74 95 13 81 10 45 54 73 98 39 0 87 86 90
87 36 27 64 31 70 60 57 96 33 32 85 51 50 74 55 87 0 70 61
22 42 39 58 83 20 53 20 79 89 51 85 34 52 74 52 86 70 0 98
16 50 30 82 72 59 82 88 21 16 69 65 53 88 35 64 90 61 98 0