10
0 55 98 20 63 18 84 19 18 97
55 0 22 32 89 48 13 15 23 54
98 22 0 93 96 42 19 28 36 63
20 32 93 0 50 77 32 42 84 55
63 89 96 50 0 38 63 13 50 52
18 48 42 77 38 0 60 65 40 11
84 13 19 32 63 60 0 85 67 71
19 15 28 42 13 65 85 0 55 52
18 23 36 84 50 40 67 55 0 62
97 54 63 55 52 11 71 52 62 0