30
0 14 37 85 39 62 56 92 85 85 52 23 38 64 84 31 35 36 99 28 83 64 22 26 82 41 48 29 82 70
14 0 91 66 39 46 81 35 45 11 58 90 55 86 30 11 22 48 57 47 86 55 16 41 47 12 80 25 21 97
37 91 0 85 63 53 67 17 46 10 44 60 32 84 38 96 27 41 61 41 48 24 44 85 16 14 70 37 19 56
85 66 85 0 89 47 75 29 27 87 48 49 88 87 44 20 62 67 43 88 88 24 81 30 56 46 78 61 36 34
39 39 63 89 0 11 22 68 49 58 43 73 21 64 57 21 79 43 52 11 63 73 56 59 63 63 87 74 21 52
62 46 53 47 11 0 33 98 94 64 38 29 72 54 54 59 77 88 39 78 57 75 34 99 49 14 39 86 66 62
56 81 67 75 22 33 0 84 72 29 86 81 43 41 26 37 18 81 62 98 93 30 56 46 68 18 48 97 51 77
92 35 17 29 68 98 84 0 72 35 97 86 59 21 46 41 80 12 54 64 50 67 37 93 78 69 37 45 53 97
85 45 46 27 49 94 72 72 0 43 13 56 22 47 93 82 76 89 92 35 80 14 94 11 97 12 24 12 63 75
85 11 10 87 58 64 29 35 43 0 98 83 15 70 46 31 72 84 68 48 14 14 51 25 34 49 33 68 76 45
52 58 44 48 43 38 86 97 13 98 0 58 85 93 64 61 88 35 12 68 88 87 84 22 50 87 56 98 72 98
23 90 60 49 73 29 81 86 56 83 58 0 31 46 17 13 80 47 65 90 55 10 28 14 10 18 71 27 40 94
38 55 32 88 21 72 43 59 22 15 85 31 0 49 42 21 52 88 29 69 61 77 62 21 26 83 48 34 79 40
64 86 84 87 64 54 41 21 47 70 93 46 49 0 81 69 97 58 60 65 61 11 55 52 17 56 54 26 35 85
84 30 38 44 57 54 26 46 93 46 64 17 42 81 0 78 85 85 88 32 84 43 13 82 27 59 47 46 36 86
31 11 96 20 21 59 37 41 82 31 61 13 21 69 78 0 55 38 49 28 30 93 35 68 64 33 20 19 23 18
35 22 27 62 79 77 18 80 76 72 88 80 52 97 85 55 0 73 23 63 38 11 40 97 26 54 52 46 98 43
36 48 41 67 43 88 81 12 89 84 35 47 88 58 85 38 73 0 21 80 30 23 49 40 92 21 69 78 37 60
99 57 61 43 52 39 62 54 92 68 12 65 29 60 88 49 23 21 0 12 10 18 61 67 73 50 72 72 67 55
28 47 41 88 11 78 98 64 35 48 68 90 69 65 32 28 63 80 12 0 85 43 85 68 96 16 63 71 45 53
83 86 48 88 63 57 93 50 80 14 88 55 61 61 84 30 38 30 10 85 0 88 67 85 26 93 86 57 92 88
64 55 24 24 73 75 30 67 14 14 87 10 77 11 43 93 11 23 18 43 88 0 95 25 13 80 77 32 10 22
22 16 44 81 56 34 56 37 94 51 84 28 62 55 13 35 40 49 61 85 67 95 0 99 80 73 94 71 98 66
26 41 85 30 59 99 46 93 11 25 22 14 21 52 82 68 97 40 67 68 85 25 99 0 45 68 41 87 94 28
82 47 16 56 63 49 68 78 97 34 50 10 26 17 27 64 26 92 73 96 26 13 80 45 0 61 82 97 79 97
41 12 14 46 63 14 18 69 12 49 87 18 83 56 59 33 54 21 50 16 93 80 73 68 61 0 95 47 61 41
48 80 70 78 87 39 48 37 24 33 56 71 48 54 47 20 52 69 72 63 86 77 94 41 82 95 0 55 81 11
29 25 37 61 74 86 97 45 12 68 98 27 34 26 46 19 46 78 72 71 57 32 71 87 97 47 55 0 94 18
82 21 19 36 21 66 51 53 63 76 72 40 79 35 36 23 98 37 67 45 92 10 98 94 79 61 81 94 0 92
70 97 56 34 52 62 77 97 75 45 98 94 40 85 86 18 43 60 55 53 88 22 66 28 97 41 11 18 92 0