15
0 46 35 40 10 20 36 42 69 97 65 19 59 48 79
46 0 18 65 69 91 90 91 98 39 61 89 46 32 13
35 18 0 28 96 19 95 59 70 37 22 61 59 17 39
40 65 28 0 38 30 12 30 59 88 27 26 62 14 34
10 69 96 38 0 61 71 23 49 84 12 40 59 77 93
20 91 19 30 61 0 32 78 34 20 34 38 59 95 34
36 90 95 12 71 32 0 86 85 85 98 62 12 42 80
42 91 59 30 23 78 86 0 26 22 59 46 22 97 74
69 98 70 59 49 34 85 26 0 25 91 52 83 20 35
97 39 37 88 84 20 85 22 25 0 29 93 96 89 17
65 61 22 27 12 34 98 59 91 29 0 25 55 56 18
19 89 61 26 40 38 62 46 52 93 25 0 46 39 41
59 46 59 62 59 59 12 22 83 96 55 46 0 78 44
48 32 17 14 77 95 42 97 20 89 56 39 78 0 96
79 13 39 34 93 34 80 74 35 17 18 41 44 96 0