10
0 25 90 98 16 89 84 77 89 90
25 0 35 64 27 17 89 84 38 81
90 35 0 30 97 96 38 14 19 94
98 64 30 0 81 30 99 33 57 46
16 27 97 81 0 38 94 67 81 37
89 17 96 30 38 0 15 13 54 49
84 89 38 99 94 15 0 51 84 83
77 84 14 33 67 13 51 0 69 28
89 38 19 57 81 54 84 69 0 95
90 81 94 46 37 49 83 28 95 0