25
0 45 25 36 64 55 15 19 49 78 80 14 85 33 88 76 72 10 82 60 65 45 55 88 51
45 0 34 27 67 15 27 12 57 14 79 76 97 12 88 92 87 92 56 28 23 50 68 76 71
25 34 0 36 68 29 41 30 79 41 60 68 34 98 62 56 52 25 25 57 36 53 34 58 14
36 27 36 0 71 32 41 30 62 57 21 40 90 12 37 96 68 47 11 74 50 39 41 61 11
64 67 68 71 0 58 36 84 55 57 67 85 49 50 84 41 48 34 30 96 75 43 38 20 65
55 15 29 32 58 0 95 53 52 64 80 66 53 26 63 81 63 88 50 85 95 67 73 62 64
15 27 41 41 36 95 0 83 10 75 32 31 40 73 72 58 94 71 49 86 88 64 15 43 25
19 12 30 30 84 53 83 0 31 35 46 93 28 72 19 84 46 92 48 39 49 78 25 18 61
49 57 79 62 55 52 10 31 0 40 10 80 53 80 77 55 66 12 54 18 86 81 33 76 85
78 14 41 57 57 64 75 35 40 0 23 82 38 71 36 26 87 69 72 95 68 14 28 99 69
80 79 60 21 67 80 32 46 10 23 0 39 23 59 19 96 57 95 42 26 50 74 70 91 33
14 76 68 40 85 66 31 93 80 82 39 0 66 53 15 86 55 84 97 66 32 85 61 33 39
85 97 34 90 49 53 40 28 53 38 23 66 0 64 70 40 88 66 64 94 88 97 78 93 84
33 12 98 12 50 26 73 72 80 71 59 53 64 0 37 39 65 54 49 32 62 83 52 64 52
88 88 62 37 84 63 72 19 77 36 19 15 70 37 0 54 40 79 59 99 40 17 18 73 85
76 92 56 96 41 81 58 84 55 26 96 86 40 39 54 0 54 89 90 46 66 61 90 88 44
72 87 52 68 48 63 94 46 66 87 57 55 88 65 40 54 0 33 91 44 48 85 76 80 17
10 92 25 47 34 88 71 92 12 69 95 84 66 54 79 89 33 0 98 95 11 93 30 71 64
82 56 25 11 30 50 49 48 54 72 42 97 64 49 59 90 91 98 0 56 42 10 71 74 93
60 28 57 74 96 85 86 39 18 95 26 66 94 32 99 46 44 95 56 0 78 89 62 72 53
65 23 36 50 75 95 88 49 86 68 50 32 88 62 40 66 48 11 42 78 0 31 34 97 90
45 50 53 39 43 67 64 78 81 14 74 85 97 83 17 61 85 93 10 89 31 0 96 54 35
55 68 34 41 38 73 15 25 33 28 70 61 78 52 18 90 76 30 71 62 34 96 0 89 74
88 76 58 61 20 62 43 18 76 99 91 33 93 64 73 88 80 71 74 72 97 54 89 0 41
51 71 14 11 65 64 25 61 85 69 33 39 84 52 85 44 17 64 93 53 90 35 74 41 0