10
0 75 57 69 12 88 96 37 74 27
75 0 23 39 97 42 82 34 88 24
57 23 0 59 64 43 16 31 47 43
69 39 59 0 25 97 50 32 39 65
12 97 64 25 0 19 75 83 64 13
88 42 43 97 19 0 74 23 97 82
96 82 16 50 75 74 0 41 73 28
37 34 31 32 83 23 41 0 51 58
74 88 47 39 64 97 73 51 0 98
27 24 43 65 13 82 28 58 98 0