25
0 15 36 30 60 73 82 47 95 38 23 42 63 18 52 49 24 79 57 84 61 43 38 55 77
15 0 24 84 37 69 10 50 80 78 87 52 19 92 67 24 62 71 52 60 33 62 98 36 78
36 24 0 29 53 73 49 24 80 50 32 24 40 97 46 66 67 84 73 18 25 27 32 89 43
30 84 29 0 61 78 63 14 15 23 30 19 52 91 45 12 27 18 60 83 78 45 38 91 91
60 37 53 61 0 45 83 83 13 35 88 93 72 56 54 78 66 21 30 93 77 61 69 30 18
73 69 73 78 45 0 92 74 19 73 64 31 10 32 50 67 99 83 61 61 48 67 84 43 97
82 10 49 63 83 92 0 89 12 14 42 60 83 85 80 15 51 62 91 78 17 30 96 74 64
47 50 24 14 83 74 89 0 63 66 96 84 54 74 51 58 93 56 44 99 18 94 46 37 47
95 80 80 15 13 19 12 63 0 54 19 53 47 50 74 48 16 41 13 18 73 34 86 39 86
38 78 50 23 35 73 14 66 54 0 15 50 14 41 64 36 10 16 35 11 54 16 90 87 36
23 87 32 30 88 64 42 96 19 15 0 28 67 55 12 90 69 92 32 79 43 95 83 64 82
42 52 24 19 93 31 60 84 53 50 28 0 38 46 19 69 70 39 95 49 61 78 81 44 95
63 19 40 52 72 10 83 54 47 14 67 38 0 27 24 36 17 97 15 33 26 11 81 29 41
18 92 97 91 56 32 85 74 50 41 55 46 27 0 27 84 20 70 56 97 84 61 10 39 79
52 67 46 45 54 50 80 51 74 64 12 19 24 27 0 66 28 57 66 83 40 74 67 16 88
49 24 66 12 78 67 15 58 48 36 90 69 36 84 66 0 21 65 15 52 36 37 24 85 74
24 62 67 27 66 99 51 93 16 10 69 70 17 20 28 21 0 31 95 76 69 23 78 73 45
79 71 84 18 21 83 62 56 41 16 92 39 97 70 57 65 31 0 52 27 78 59 47 17 12
57 52 73 60 30 61 91 44 13 35 32 95 15 56 66 15 95 52 0 19 75 43 96 90 26
84 60 18 83 93 61 78 99 18 11 79 49 33 97 83 52 76 27 19 0 68 41 41 87 26
61 33 25 78 77 48 17 18 73 54 43 61 26 84 40 36 69 78 75 68 0 17 90 68 19
43 62 27 45 61 67 30 94 34 16 95 78 11 61 74 37 23 59 43 41 17 0 14 45 99
38 98 32 38 69 84 96 46 86 90 83 81 81 10 67 24 78 47 96 41 90 14 0 17 66
55 36 89 91 30 43 74 37 39 87 64 44 29 39 16 85 73 17 90 87 68 45 17 0 10
77 78 43 91 18 97 64 47 86 36 82 95 41 79 88 74 45 12 26 26 19 99 66 10 0