10
0 38 62 14 90 20 61 32 28 95
38 0 75 58 49 79 84 60 49 64
62 75 0 46 34 13 18 30 65 67
14 58 46 0 63 24 43 58 60 85
90 49 34 63 0 35 32 68 81 84
20 79 13 24 35 0 30 90 76 38
61 84 18 43 32 30 0 24 58 22
32 60 30 58 68 90 24 0 91 35
28 49 65 60 81 76 58 91 0 42
95 64 67 85 84 38 22 35 42 0