15
0 59 49 82 49 34 92 38 76 79 58 57 34 96 49
59 0 27 59 91 22 77 83 89 12 38 82 77 92 75
49 27 0 15 84 31 61 43 49 35 45 48 36 27 58
82 59 15 0 15 65 25 66 96 41 23 44 36 31 40
49 91 84 15 0 45 60 15 15 32 37 90 74 80 15
34 22 31 65 45 0 39 20 71 59 25 43 82 15 74
92 77 61 25 60 39 0 68 17 58 55 13 29 68 22
38 83 43 66 15 20 68 0 34 84 32 84 50 80 81
76 89 49 96 15 71 17 34 0 22 60 94 40 10 93
79 12 35 41 32 59 58 84 22 0 20 78 35 94 92
58 38 45 23 37 25 55 32 60 20 0 52 86 35 44
57 82 48 44 90 43 13 84 94 78 52 0 53 91 34
34 77 36 36 74 82 29 50 40 35 86 53 0 26 65
96 92 27 31 80 15 68 80 10 94 35 91 26 0 64
49 75 58 40 15 74 22 81 93 92 44 34 65 64 0