15
0 30 25 21 42 60 13 82 91 26 26 25 42 84 46
30 0 41 45 20 40 87 63 55 75 12 49 89 86 31
25 41 0 93 51 46 30 58 47 44 56 52 53 66 16
21 45 93 0 21 78 58 88 13 44 15 53 97 68 32
42 20 51 21 0 11 49 81 86 71 49 68 72 94 12
60 40 46 78 11 0 59 57 87 17 19 77 25 41 16
13 87 30 58 49 59 0 36 20 45 99 49 34 19 28
82 63 58 88 81 57 36 0 63 42 48 96 23 82 39
91 55 47 13 86 87 20 63 0 23 57 25 99 83 22
26 75 44 44 71 17 45 42 23 0 69 93 93 10 20
26 12 56 15 49 19 99 48 57 69 0 88 52 94 69
25 49 52 53 68 77 49 96 25 93 88 0 96 42 14
42 89 53 97 72 25 34 23 99 93 52 96 0 84 49
84 86 66 68 94 41 19 82 83 10 94 42 84 0 64
46 31 16 32 12 16 28 39 22 20 69 14 49 64 0