15
0 88 99 51 79 70 74 14 16 84 84 42 15 49 71
88 0 89 71 32 98 41 35 44 76 63 74 26 28 52
99 89 0 59 40 81 37 58 36 58 76 50 96 48 24
51 71 59 0 92 13 95 87 10 78 44 80 93 28 20
79 32 40 92 0 11 81 81 56 92 20 75 90 60 74
70 98 81 13 11 0 62 94 25 29 94 33 30 99 55
74 41 37 95 81 62 0 95 75 38 86 40 23 36 62
14 35 58 87 81 94 95 0 51 53 46 92 70 90 42
16 44 36 10 56 25 75 51 0 23 65 20 68 48 51
84 76 58 78 92 29 38 53 23 0 62 92 22 43 27
84 63 76 44 20 94 86 46 65 62 0 23 45 73 30
42 74 50 80 75 33 40 92 20 92 23 0 78 79 19
15 26 96 93 90 30 23 70 68 22 45 78 0 69 58
49 28 48 28 60 99 36 90 48 43 73 79 69 0 93
71 52 24 20 74 55 62 42 51 27 30 19 58 93 0