25
0 49 39 84 35 24 58 40 92 22 21 67 54 29 58 96 97 40 86 90 63 21 70 94 85
49 0 44 85 54 80 14 58 55 79 25 54 27 32 48 96 17 97 31 77 55 18 60 70 99
39 44 0 42 19 67 54 93 24 70 94 23 17 56 18 35 22 57 69 71 44 42 70 75 23
84 85 42 0 83 22 30 55 58 61 83 94 95 32 36 31 69 45 37 18 83 27 95 95 37
35 54 19 83 0 83 99 46 80 44 99 66 54 35 47 83 71 35 28 69 53 44 47 34 52
24 80 67 22 83 0 19 69 55 81 11 22 66 96 78 23 12 16 60 46 82 17 16 54 42
58 14 54 30 99 19 0 86 33 99 56 68 61 69 77 10 89 57 64 72 47 75 12 69 35
40 58 93 55 46 69 86 0 43 78 21 56 59 48 80 38 57 25 62 24 57 32 35 46 70
92 55 24 58 80 55 33 43 0 70 32 81 72 22 57 74 79 23 28 40 67 31 83 77 95
22 79 70 61 44 81 99 78 70 0 70 75 61 99 93 27 41 57 18 49 70 82 52 99 99
21 25 94 83 99 11 56 21 32 70 0 62 40 67 38 69 60 56 70 40 25 85 39 55 97
67 54 23 94 66 22 68 56 81 75 62 0 38 65 79 24 31 67 23 88 49 94 58 39 12
54 27 17 95 54 66 61 59 72 61 40 38 0 59 52 13 41 40 16 76 77 80 63 61 85
29 32 56 32 35 96 69 48 22 99 67 65 59 0 75 72 98 39 60 15 41 31 99 75 99
58 48 18 36 47 78 77 80 57 93 38 79 52 75 0 52 84 58 32 47 39 54 38 12 48
96 96 35 31 83 23 10 38 74 27 69 24 13 72 52 0 84 84 88 71 70 67 27 11 17
97 17 22 69 71 12 89 57 79 41 60 31 41 98 84 84 0 67 17 60 31 59 64 11 18
40 97 57 45 35 16 57 25 23 57 56 67 40 39 58 84 67 0 85 86 24 60 51 43 99
86 31 69 37 28 60 64 62 28 18 70 23 16 60 32 88 17 85 0 80 97 57 82 21 58
90 77 71 18 69 46 72 24 40 49 40 88 76 15 47 71 60 86 80 0 48 73 39 56 42
63 55 44 83 53 82 47 57 67 70 25 49 77 41 39 70 31 24 97 48 0 99 37 89 60
21 18 42 27 44 17 75 32 31 82 85 94 80 31 54 67 59 60 57 73 99 0 84 97 54
70 60 70 95 47 16 12 35 83 52 39 58 63 99 38 27 64 51 82 39 37 84 0 82 18
94 70 75 95 34 54 69 46 77 99 55 39 61 75 12 11 11 43 21 56 89 97 82 0 38
85 99 23 37 52 42 35 70 95 99 97 12 85 99 48 17 18 99 58 42 60 54 18 38 0