30
0 62 53 82 71 37 70 37 13 24 27 40 80 67 23 40 66 13 68 16 55 53 70 95 85 35 93 56 86 89
62 0 13 93 33 70 74 59 37 93 66 56 91 46 49 60 88 21 31 17 58 72 83 54 82 35 48 69 76 62
53 13 0 41 22 66 17 40 96 98 66 14 64 68 35 37 15 78 61 74 59 19 78 29 51 84 66 75 23 25
82 93 41 0 37 17 23 44 76 22 25 11 99 20 92 31 95 71 22 17 52 20 39 58 87 68 21 88 83 75
71 33 22 37 0 75 15 76 33 73 23 43 97 71 19 51 69 53 11 23 32 32 37 38 61 46 52 68 99 37
37 70 66 17 75 0 60 82 21 57 99 94 40 11 74 97 25 79 48 48 75 98 22 89 57 38 96 80 33 64
70 74 17 23 15 60 0 93 35 20 44 61 58 21 34 42 76 51 94 32 97 43 66 94 74 45 95 78 19 82
37 59 40 44 76 82 93 0 86 39 33 19 10 28 25 54 74 73 99 92 90 44 66 65 35 21 49 68 31 76
13 37 96 76 33 21 35 86 0 80 21 30 93 94 93 93 95 97 90 71 20 88 29 97 48 81 88 31 50 20
24 93 98 22 73 57 20 39 80 0 49 11 17 58 44 76 53 18 97 11 18 83 14 59 43 66 97 83 18 68
27 66 66 25 23 99 44 33 21 49 0 87 34 96 16 87 13 11 68 76 69 34 94 97 20 51 52 54 96 68
40 56 14 11 43 94 61 19 30 11 87 0 65 38 77 99 66 29 73 20 86 76 64 54 92 77 39 51 50 13
80 91 64 99 97 40 58 10 93 17 34 65 0 24 52 34 49 20 18 56 54 29 73 30 90 92 94 95 88 81
67 46 68 20 71 11 21 28 94 58 96 38 24 0 77 75 38 10 60 70 40 94 73 94 40 52 25 45 33 82
23 49 35 92 19 74 34 25 93 44 16 77 52 77 0 52 99 25 24 13 80 41 93 11 34 51 96 73 71 97
40 60 37 31 51 97 42 54 93 76 87 99 34 75 52 0 43 84 20 39 50 93 83 12 71 42 70 83 37 95
66 88 15 95 69 25 76 74 95 53 13 66 49 38 99 43 0 90 79 88 27 33 37 58 53 28 96 83 27 85
13 21 78 71 53 79 51 73 97 18 11 29 20 10 25 84 90 0 13 59 28 26 60 41 17 92 66 23 61 98
68 31 61 22 11 48 94 99 90 97 68 73 18 60 24 20 79 13 0 42 87 68 45 89 50 72 14 93 53 44
16 17 74 17 23 48 32 92 71 11 76 20 56 70 13 39 88 59 42 0 21 72 86 72 70 39 54 46 31 96
55 58 59 52 32 75 97 90 20 18 69 86 54 40 80 50 27 28 87 21 0 34 13 12 96 11 77 83 79 76
53 72 19 20 32 98 43 44 88 83 34 76 29 94 41 93 33 26 68 72 34 0 59 58 28 38 31 42 12 19
70 83 78 39 37 22 66 66 29 14 94 64 73 73 93 83 37 60 45 86 13 59 0 34 29 37 71 86 11 41
95 54 29 58 38 89 94 65 97 59 97 54 30 94 11 12 58 41 89 72 12 58 34 0 75 96 89 83 46 42
85 82 51 87 61 57 74 35 48 43 20 92 90 40 34 71 53 17 50 70 96 28 29 75 0 23 18 47 95 42
35 35 84 68 46 38 45 21 81 66 51 77 92 52 51 42 28 92 72 39 11 38 37 96 23 0 60 23 41 97
93 48 66 21 52 96 95 49 88 97 52 39 94 25 96 70 96 66 14 54 77 31 71 89 18 60 0 97 21 55
56 69 75 88 68 80 78 68 31 83 54 51 95 45 73 83 83 23 93 46 83 42 86 83 47 23 97 0 88 21
86 76 23 83 99 33 19 31 50 18 96 50 88 33 71 37 27 61 53 31 79 12 11 46 95 41 21 88 0 14
89 62 25 75 37 64 82 76 20 68 68 13 81 82 97 95 85 98 44 96 76 19 41 42 42 97 55 21 14 0