20
0 67 14 12 85 29 56 29 94 79 34 19 72 71 50 97 41 43 20 41
67 0 92 58 46 86 33 60 97 71 86 36 53 93 77 51 56 79 75 70
14 92 0 54 63 67 58 75 85 59 83 71 13 55 78 27 31 69 43 78
12 58 54 0 10 88 83 98 67 22 25 19 79 34 87 28 23 98 95 14
85 46 63 10 0 17 89 50 51 41 88 79 22 60 47 41 78 90 10 78
29 86 67 88 17 0 10 70 96 30 82 25 87 81 64 59 35 62 71 52
56 33 58 83 89 10 0 72 17 40 27 56 23 58 14 98 59 58 47 10
29 60 75 98 50 70 72 0 23 15 38 34 27 56 15 96 77 50 70 60
94 97 85 67 51 96 17 23 0 21 85 23 88 71 71 73 76 18 25 61
79 71 59 22 41 30 40 15 21 0 63 33 12 67 32 24 63 66 76 60
34 86 83 25 88 82 27 38 85 63 0 85 71 92 29 45 40 15 55 97
19 36 71 19 79 25 56 34 23 33 85 0 47 24 98 16 73 86 33 61
72 53 13 79 22 87 23 27 88 12 71 47 0 53 30 83 25 94 99 56
71 93 55 34 60 81 58 56 71 67 92 24 53 0 57 59 17 81 25 74
50 77 78 87 47 64 14 15 71 32 29 98 30 57 0 91 36 83 22 64
97 51 27 28 41 59 98 96 73 24 45 16 83 59 91 0 22 21 26 44
41 56 31 23 78 35 59 77 76 63 40 73 25 17 36 22 0 74 27 33
43 79 69 98 90 62 58 50 18 66 15 86 94 81 83 21 74 0 59 18
20 75 43 95 10 71 47 70 25 76 55 33 99 25 22 26 27 59 0 29
41 70 78 14 78 52 10 60 61 60 97 61 56 74 64 44 33 18 29 0