20
0 53 74 46 26 14 86 30 82 15 86 40 42 86 41 72 89 32 61 52
53 0 34 12 75 40 19 26 91 65 31 54 65 18 20 67 48 70 50 27
74 34 0 75 76 94 22 21 97 92 83 82 24 26 48 23 24 95 59 37
46 12 75 0 91 61 92 76 48 63 24 49 44 71 47 15 28 50 27 24
26 75 76 91 0 26 77 44 33 91 88 32 30 82 56 66 62 78 22 96
14 40 94 61 26 0 41 46 11 97 20 84 50 62 78 56 24 42 55 76
86 19 22 92 77 41 0 46 65 52 57 79 21 16 48 46 50 10 16 62
30 26 21 76 44 46 46 0 48 20 56 12 62 69 79 16 32 26 44 90
82 91 97 48 33 11 65 48 0 26 63 20 75 23 90 87 28 20 91 58
15 65 92 63 91 97 52 20 26 0 45 76 92 18 89 64 70 65 73 60
86 31 83 24 88 20 57 56 63 45 0 33 15 44 68 50 11 92 45 37
40 54 82 49 32 84 79 12 20 76 33 0 60 31 67 51 57 56 69 25
42 65 24 44 30 50 21 62 75 92 15 60 0 21 58 31 97 35 72 99
86 18 26 71 82 62 16 69 23 18 44 31 21 0 87 83 14 56 13 12
41 20 48 47 56 78 48 79 90 89 68 67 58 87 0 83 91 25 92 98
72 67 23 15 66 56 46 16 87 64 50 51 31 83 83 0 88 28 82 51
89 48 24 28 62 24 50 32 28 70 11 57 97 14 91 88 0 13 62 59
32 70 95 50 78 42 10 26 20 65 92 56 35 56 25 28 13 0 82 13
61 50 59 27 22 55 16 44 91 73 45 69 72 13 92 82 62 82 0 61
52 27 37 24 96 76 62 90 58 60 37 25 99 12 98 51 59 13 61 0