15
0 76 68 54 94 42 86 66 33 76 92 51 70 82 93
76 0 81 44 27 34 99 25 15 78 23 98 73 30 24
68 81 0 21 58 95 64 68 31 56 48 83 88 11 39
54 44 21 0 10 35 46 87 39 55 40 39 10 77 14
94 27 58 10 0 53 50 33 20 84 51 69 55 71 76
42 34 95 35 53 0 77 55 13 67 82 49 17 69 20
86 99 64 46 50 77 0 54 28 61 58 89 46 55 47
66 25 68 87 33 55 54 0 67 75 93 27 63 48 37
33 15 31 39 20 13 28 67 0 61 89 33 10 88 20
76 78 56 55 84 67 61 75 61 0 27 98 21 95 65
92 23 48 40 51 82 58 93 89 27 0 79 24 21 45
51 98 83 39 69 49 89 27 33 98 79 0 77 78 87
70 73 88 10 55 17 46 63 10 21 24 77 0 74 30
82 30 11 77 71 69 55 48 88 95 21 78 74 0 12
93 24 39 14 76 20 47 37 20 65 45 87 30 12 0