20
0 46 14 27 45 24 60 10 73 67 86 65 12 52 53 81 53 51 94 77
46 0 39 26 34 42 57 91 59 56 21 51 26 68 74 10 52 28 20 37
14 39 0 36 74 66 43 59 60 82 51 17 32 37 29 89 38 47 86 57
27 26 36 0 40 14 77 65 17 39 74 40 14 86 24 69 60 96 51 38
45 34 74 40 0 95 53 94 67 81 48 56 67 58 48 64 39 38 44 89
24 42 66 14 95 0 81 90 68 13 86 47 84 10 30 12 15 84 25 13
60 57 43 77 53 81 0 24 90 66 87 28 25 57 63 91 52 39 93 49
10 91 59 65 94 90 24 0 64 89 52 65 67 71 27 83 81 72 37 62
73 59 60 17 67 68 90 64 0 59 20 14 37 28 36 59 45 18 74 73
67 56 82 39 81 13 66 89 59 0 38 59 28 11 39 43 91 76 20 79
86 21 51 74 48 86 87 52 20 38 0 45 70 69 48 15 66 63 85 54
65 51 17 40 56 47 28 65 14 59 45 0 70 69 80 97 83 95 97 85
12 26 32 14 67 84 25 67 37 28 70 70 0 58 59 63 35 76 64 44
52 68 37 86 58 10 57 71 28 11 69 69 58 0 12 28 36 66 76 47
53 74 29 24 48 30 63 27 36 39 48 80 59 12 0 87 52 31 69 63
81 10 89 69 64 12 91 83 59 43 15 97 63 28 87 0 10 20 95 48
53 52 38 60 39 15 52 81 45 91 66 83 35 36 52 10 0 28 83 53
51 28 47 96 38 84 39 72 18 76 63 95 76 66 31 20 28 0 52 70
94 20 86 51 44 25 93 37 74 20 85 97 64 76 69 95 83 52 0 32
77 37 57 38 89 13 49 62 73 79 54 85 44 47 63 48 53 70 32 0