25
0 51 90 69 42 17 29 70 67 94 74 72 39 38 49 10 28 91 77 83 32 94 96 99 68
51 0 89 24 40 42 47 44 37 45 16 77 59 48 79 46 38 53 82 38 81 71 54 37 51
90 89 0 95 53 82 45 83 81 20 72 25 76 81 38 32 36 81 30 95 99 88 79 34 60
69 24 95 0 84 81 75 89 81 91 23 44 94 43 27 50 27 65 72 23 47 18 16 84 82
42 40 53 84 0 22 17 13 48 76 27 88 23 37 83 91 24 58 53 77 76 12 42 93 81
17 42 82 81 22 0 36 70 91 91 86 80 43 79 65 70 68 98 97 29 36 25 95 89 56
29 47 45 75 17 36 0 59 30 74 70 72 62 42 69 52 83 17 59 94 61 45 13 49 33
70 44 83 89 13 70 59 0 66 20 22 21 41 87 42 81 82 70 28 62 64 61 24 29 67
67 37 81 81 48 91 30 66 0 41 94 14 50 14 48 80 97 60 89 33 32 65 90 29 26
94 45 20 91 76 91 74 20 41 0 80 53 35 46 45 64 30 69 39 92 26 39 83 71 61
74 16 72 23 27 86 70 22 94 80 0 78 62 35 55 36 81 62 15 11 19 57 72 57 51
72 77 25 44 88 80 72 21 14 53 78 0 47 34 94 57 94 38 97 21 53 12 57 93 44
39 59 76 94 23 43 62 41 50 35 62 47 0 95 35 90 79 30 54 99 65 33 43 25 55
38 48 81 43 37 79 42 87 14 46 35 34 95 0 28 52 15 74 17 65 51 15 33 43 32
49 79 38 27 83 65 69 42 48 45 55 94 35 28 0 19 84 47 92 34 63 33 89 22 57
10 46 32 50 91 70 52 81 80 64 36 57 90 52 19 0 71 53 22 70 31 90 42 15 51
28 38 36 27 24 68 83 82 97 30 81 94 79 15 84 71 0 69 85 33 79 73 75 38 41
91 53 81 65 58 98 17 70 60 69 62 38 30 74 47 53 69 0 33 85 13 20 49 97 60
77 82 30 72 53 97 59 28 89 39 15 97 54 17 92 22 85 33 0 79 86 52 80 85 67
83 38 95 23 77 29 94 62 33 92 11 21 99 65 34 70 33 85 79 0 32 80 11 22 80
32 81 99 47 76 36 61 64 32 26 19 53 65 51 63 31 79 13 86 32 0 74 74 37 42
94 71 88 18 12 25 45 61 65 39 57 12 33 15 33 90 73 20 52 80 74 0 70 76 13
96 54 79 16 42 95 13 24 90 83 72 57 43 33 89 42 75 49 80 11 74 70 0 27 84
99 37 34 84 93 89 49 29 29 71 57 93 25 43 22 15 38 97 85 22 37 76 27 0 70
68 51 60 82 81 56 33 67 26 61 51 44 55 32 57 51 41 60 67 80 42 13 84 70 0