20
0 37 70 91 96 61 33 98 99 66 16 76 29 89 78 50 53 31 90 61
37 0 77 25 50 57 56 20 94 78 94 11 16 51 57 53 32 84 59 86
70 77 0 55 37 66 64 25 43 72 81 12 76 51 38 30 46 35 17 96
91 25 55 0 28 90 20 72 78 86 91 37 31 99 36 96 79 87 13 92
96 50 37 28 0 46 72 65 70 80 55 21 80 11 77 36 91 47 84 73
61 57 66 90 46 0 55 46 33 76 38 40 49 54 71 43 37 20 84 70
33 56 64 20 72 55 0 84 87 63 94 93 61 83 66 46 42 95 34 96
98 20 25 72 65 46 84 0 46 47 28 93 21 21 85 37 76 22 47 92
99 94 43 78 70 33 87 46 0 58 82 23 20 93 59 16 87 81 93 45
66 78 72 86 80 76 63 47 58 0 47 70 69 61 55 17 54 44 72 13
16 94 81 91 55 38 94 28 82 47 0 27 16 13 89 85 87 16 86 57
76 11 12 37 21 40 93 93 23 70 27 0 47 47 41 48 20 80 65 78
29 16 76 31 80 49 61 21 20 69 16 47 0 40 20 26 86 82 16 71
89 51 51 99 11 54 83 21 93 61 13 47 40 0 26 16 28 18 71 37
78 57 38 36 77 71 66 85 59 55 89 41 20 26 0 34 75 40 69 93
50 53 30 96 36 43 46 37 16 17 85 48 26 16 34 0 57 69 29 77
53 32 46 79 91 37 42 76 87 54 87 20 86 28 75 57 0 31 81 62
31 84 35 87 47 20 95 22 81 44 16 80 82 18 40 69 31 0 26 53
90 59 17 13 84 84 34 47 93 72 86 65 16 71 69 29 81 26 0 31
61 86 96 92 73 70 96 92 45 13 57 78 71 37 93 77 62 53 31 0