10
0 23 58 93 36 69 12 42 33 81
23 0 25 90 38 64 26 60 61 80
58 25 0 84 34 38 73 83 91 22
93 90 84 0 22 18 18 57 76 34
36 38 34 22 0 38 72 29 23 49
69 64 38 18 38 0 65 91 53 66
12 26 73 18 72 65 0 50 33 69
42 60 83 57 29 91 50 0 94 43
33 61 91 76 23 53 33 94 0 96
81 80 22 34 49 66 69 43 96 0