20
0 46 52 58 44 20 34 59 91 83 59 41 93 27 70 92 96 17 77 32
46 0 58 53 28 40 48 89 44 71 65 89 24 21 89 88 86 18 90 10
52 58 0 38 41 20 19 68 46 11 55 38 65 30 19 18 70 39 92 32
58 53 38 0 24 37 91 92 25 48 85 98 96 93 59 80 81 86 33 66
44 28 41 24 0 13 27 45 74 15 72 51 46 72 63 22 93 70 22 72
20 40 20 37 13 0 45 19 84 12 55 50 14 42 20 63 10 41 96 94
34 48 19 91 27 45 0 56 94 28 44 82 77 47 87 40 43 12 85 22
59 89 68 92 45 19 56 0 35 79 77 66 80 11 35 54 58 90 10 16
91 44 46 25 74 84 94 35 0 50 27 30 36 85 57 56 38 67 19 54
83 71 11 48 15 12 28 79 50 0 53 42 81 76 73 63 81 77 79 69
59 65 55 85 72 55 44 77 27 53 0 97 90 69 75 50 67 16 66 18
41 89 38 98 51 50 82 66 30 42 97 0 35 66 88 27 60 95 25 43
93 24 65 96 46 14 77 80 36 81 90 35 0 53 83 86 39 89 96 78
27 21 30 93 72 42 47 11 85 76 69 66 53 0 25 32 91 18 40 39
70 89 19 59 63 20 87 35 57 73 75 88 83 25 0 17 44 90 38 95
92 88 18 80 22 63 40 54 56 63 50 27 86 32 17 0 40 15 18 18
96 86 70 81 93 10 43 58 38 81 67 60 39 91 44 40 0 43 90 41
17 18 39 86 70 41 12 90 67 77 16 95 89 18 90 15 43 0 73 71
77 90 92 33 22 96 85 10 19 79 66 25 96 40 38 18 90 73 0 56
32 10 32 66 72 94 22 16 54 69 18 43 78 39 95 18 41 71 56 0