30
0 11 22 46 37 51 48 53 57 25 34 73 34 89 50 70 17 67 73 49 13 88 47 81 40 34 65 37 29 11
11 0 75 16 31 91 66 29 33 96 72 87 46 96 57 55 84 70 12 15 19 97 17 45 33 42 11 67 90 14
22 75 0 68 59 75 45 47 52 18 62 99 21 76 31 57 54 35 38 49 28 91 70 69 39 95 68 16 53 69
46 16 68 0 23 30 67 36 43 99 12 55 84 70 83 19 82 41 80 22 93 41 39 17 37 10 58 43 40 22
37 31 59 23 0 76 58 27 33 13 67 32 81 93 35 29 11 69 88 52 27 21 88 83 62 76 45 87 96 28
51 91 75 30 76 0 33 31 92 74 62 37 78 30 87 34 83 53 31 49 69 84 35 18 18 92 91 38 61 88
48 66 45 67 58 33 0 89 63 89 47 48 15 97 87 78 32 36 71 86 44 27 65 99 65 53 62 49 52 75
53 29 47 36 27 31 89 0 44 57 39 41 71 35 88 17 31 58 18 32 65 22 23 29 11 89 19 14 82 95
57 33 52 43 33 92 63 44 0 65 65 72 43 29 96 72 12 81 61 49 99 91 34 18 31 20 89 40 27 12
25 96 18 99 13 74 89 57 65 0 62 89 98 28 26 95 85 49 47 87 28 12 87 64 46 89 78 50 34 18
34 72 62 12 67 62 47 39 65 62 0 68 31 78 55 64 67 13 69 36 27 55 80 83 10 49 97 17 36 84
73 87 99 55 32 37 48 41 72 89 68 0 70 84 37 88 26 99 11 68 75 86 43 27 49 83 70 33 26 23
34 46 21 84 81 78 15 71 43 98 31 70 0 99 67 53 36 27 70 93 32 39 48 68 12 47 71 27 44 93
89 96 76 70 93 30 97 35 29 28 78 84 99 0 90 65 15 67 76 61 97 87 58 55 24 43 52 66 25 95
50 57 31 83 35 87 87 88 96 26 55 37 67 90 0 56 19 71 21 84 80 89 66 18 44 70 65 54 91 29
70 55 57 19 29 34 78 17 72 95 64 88 53 65 56 0 28 35 97 24 40 13 25 44 83 37 39 56 42 77
17 84 54 82 11 83 32 31 12 85 67 26 36 15 19 28 0 68 90 63 49 72 52 93 23 61 10 24 58 95
67 70 35 41 69 53 36 58 81 49 13 99 27 67 71 35 68 0 78 98 72 90 41 92 15 47 20 16 77 83
73 12 38 80 88 31 71 18 61 47 69 11 70 76 21 97 90 78 0 95 89 73 98 79 25 34 52 73 81 26
49 15 49 22 52 49 86 32 49 87 36 68 93 61 84 24 63 98 95 0 94 56 53 18 80 69 31 44 63 78
13 19 28 93 27 69 44 65 99 28 27 75 32 97 80 40 49 72 89 94 0 95 83 49 11 63 74 91 99 70
88 97 91 41 21 84 27 22 91 12 55 86 39 87 89 13 72 90 73 56 95 0 58 40 73 89 53 31 44 84
47 17 70 39 88 35 65 23 34 87 80 43 48 58 66 25 52 41 98 53 83 58 0 45 90 10 32 76 57 99
81 45 69 17 83 18 99 29 18 64 83 27 68 55 18 44 93 92 79 18 49 40 45 0 33 82 41 58 33 76
40 33 39 37 62 18 65 11 31 46 10 49 12 24 44 83 23 15 25 80 11 73 90 33 0 46 32 66 53 24
34 42 95 10 76 92 53 89 20 89 49 83 47 43 70 37 61 47 34 69 63 89 10 82 46 0 88 64 70 28
65 11 68 58 45 91 62 19 89 78 97 70 71 52 65 39 10 20 52 31 74 53 32 41 32 88 0 84 32 91
37 67 16 43 87 38 49 14 40 50 17 33 27 66 54 56 24 16 73 44 91 31 76 58 66 64 84 0 21 36
29 90 53 40 96 61 52 82 27 34 36 26 44 25 91 42 58 77 81 63 99 44 57 33 53 70 32 21 0 92
11 14 69 22 28 88 75 95 12 18 84 23 93 95 29 77 95 83 26 78 70 84 99 76 24 28 91 36 92 0