20
0 66 92 89 33 93 60 14 22 36 74 47 80 39 51 63 52 87 57 57
66 0 67 84 31 53 25 39 75 31 43 29 83 98 54 59 30 35 10 58
92 67 0 49 77 61 86 99 74 38 32 77 58 19 77 82 51 65 69 38
89 84 49 0 34 72 58 82 76 66 64 71 78 14 47 38 43 73 19 50
33 31 77 34 0 14 60 90 20 27 98 42 12 86 47 20 55 76 93 47
93 53 61 72 14 0 57 27 13 21 61 40 15 95 65 70 38 60 35 34
60 25 86 58 60 57 0 28 33 33 46 47 58 95 95 68 91 47 59 51
14 39 99 82 90 27 28 0 18 10 45 36 92 61 84 56 44 49 47 88
22 75 74 76 20 13 33 18 0 61 17 29 93 63 17 60 17 82 27 28
36 31 38 66 27 21 33 10 61 0 65 53 61 22 63 26 24 70 22 75
74 43 32 64 98 61 46 45 17 65 0 57 46 59 75 14 53 58 15 37
47 29 77 71 42 40 47 36 29 53 57 0 96 57 42 92 93 54 69 73
80 83 58 78 12 15 58 92 93 61 46 96 0 71 48 35 84 54 35 76
39 98 19 14 86 95 95 61 63 22 59 57 71 0 21 71 39 93 35 49
51 54 77 47 47 65 95 84 17 63 75 42 48 21 0 33 83 58 21 15
63 59 82 38 20 70 68 56 60 26 14 92 35 71 33 0 17 69 80 84
52 30 51 43 55 38 91 44 17 24 53 93 84 39 83 17 0 82 56 48
87 35 65 73 76 60 47 49 82 70 58 54 54 93 58 69 82 0 48 97
57 10 69 19 93 35 59 47 27 22 15 69 35 35 21 80 56 48 0 11
57 58 38 50 47 34 51 88 28 75 37 73 76 49 15 84 48 97 11 0