25
0 91 32 60 87 79 29 23 11 20 64 46 41 52 44 95 31 87 38 39 88 70 97 62 92
91 0 20 86 81 78 90 95 20 44 63 38 22 55 15 97 81 32 27 14 20 86 25 37 47
32 20 0 41 16 13 26 68 21 14 94 76 89 41 68 47 48 20 61 68 73 44 94 23 78
60 86 41 0 86 34 64 22 71 96 71 64 50 64 82 84 13 53 90 22 16 46 93 63 10
87 81 16 86 0 31 10 21 24 39 63 55 10 44 88 27 72 94 81 17 96 43 10 32 34
79 78 13 34 31 0 93 95 30 52 73 87 62 80 37 71 22 84 83 31 28 86 54 26 92
29 90 26 64 10 93 0 39 62 91 80 54 17 24 91 38 52 39 19 78 52 75 35 36 75
23 95 68 22 21 95 39 0 34 28 81 87 97 45 96 16 34 77 90 47 19 15 71 76 92
11 20 21 71 24 30 62 34 0 91 13 87 31 60 93 33 81 59 73 73 37 65 53 68 81
20 44 14 96 39 52 91 28 91 0 87 47 44 46 46 98 94 62 89 16 82 54 74 44 94
64 63 94 71 63 73 80 81 13 87 0 57 29 14 95 36 13 28 32 63 76 16 17 71 24
46 38 76 64 55 87 54 87 87 47 57 0 99 94 10 28 14 22 61 76 50 79 93 76 69
41 22 89 50 10 62 17 97 31 44 29 99 0 68 97 29 23 31 60 10 53 38 64 36 27
52 55 41 64 44 80 24 45 60 46 14 94 68 0 12 38 40 99 84 83 23 86 76 36 28
44 15 68 82 88 37 91 96 93 46 95 10 97 12 0 54 31 16 68 50 14 86 67 10 50
95 97 47 84 27 71 38 16 33 98 36 28 29 38 54 0 18 47 50 62 62 96 26 98 86
31 81 48 13 72 22 52 34 81 94 13 14 23 40 31 18 0 68 89 45 37 29 10 47 53
87 32 20 53 94 84 39 77 59 62 28 22 31 99 16 47 68 0 72 65 88 89 64 69 16
38 27 61 90 81 83 19 90 73 89 32 61 60 84 68 50 89 72 0 16 34 43 89 44 52
39 14 68 22 17 31 78 47 73 16 63 76 10 83 50 62 45 65 16 0 72 85 34 62 57
88 20 73 16 96 28 52 19 37 82 76 50 53 23 14 62 37 88 34 72 0 72 25 52 17
70 86 44 46 43 86 75 15 65 54 16 79 38 86 86 96 29 89 43 85 72 0 30 12 84
97 25 94 93 10 54 35 71 53 74 17 93 64 76 67 26 10 64 89 34 25 30 0 71 86
62 37 23 63 32 26 36 76 68 44 71 76 36 36 10 98 47 69 44 62 52 12 71 0 10
92 47 78 10 34 92 75 92 81 94 24 69 27 28 50 86 53 16 52 57 17 84 86 10 0