25
0 67 66 14 82 71 95 95 48 56 55 55 25 77 59 78 73 52 61 29 85 26 57 80 33
67 0 45 65 52 63 16 96 16 24 64 79 79 48 18 86 20 35 34 26 17 80 97 26 28
66 45 0 69 71 81 51 88 77 62 10 72 73 76 39 40 38 66 21 13 97 52 90 82 74
14 65 69 0 26 89 13 52 44 54 19 76 79 76 86 66 51 96 19 66 96 98 32 58 92
82 52 71 26 0 57 83 59 93 43 47 71 93 26 70 52 10 18 88 21 18 94 29 21 29
71 63 81 89 57 0 17 37 57 84 42 78 74 76 94 53 43 73 84 30 51 79 39 90 24
95 16 51 13 83 17 0 55 19 79 89 18 43 63 74 37 31 73 52 68 28 74 90 22 72
95 96 88 52 59 37 55 0 39 69 84 79 23 26 22 11 15 24 18 55 28 71 20 96 36
48 16 77 44 93 57 19 39 0 22 14 42 56 12 10 33 27 19 12 71 60 84 21 62 21
56 24 62 54 43 84 79 69 22 0 26 35 55 13 60 77 83 24 10 25 49 64 60 31 30
55 64 10 19 47 42 89 84 14 26 0 99 81 32 83 36 75 18 85 27 25 75 38 27 51
55 79 72 76 71 78 18 79 42 35 99 0 26 35 53 40 46 43 45 56 46 16 50 10 55
25 79 73 79 93 74 43 23 56 55 81 26 0 57 69 73 51 42 95 97 39 96 33 30 72
77 48 76 76 26 76 63 26 12 13 32 35 57 0 29 41 40 11 99 23 34 71 70 96 50
59 18 39 86 70 94 74 22 10 60 83 53 69 29 0 63 59 13 34 14 54 35 88 59 98
78 86 40 66 52 53 37 11 33 77 36 40 73 41 63 0 43 13 72 54 62 91 54 15 72
73 20 38 51 10 43 31 15 27 83 75 46 51 40 59 43 0 26 22 72 11 20 27 83 25
52 35 66 96 18 73 73 24 19 24 18 43 42 11 13 13 26 0 61 51 22 94 80 27 49
61 34 21 19 88 84 52 18 12 10 85 45 95 99 34 72 22 61 0 67 81 26 69 42 26
29 26 13 66 21 30 68 55 71 25 27 56 97 23 14 54 72 51 67 0 53 80 83 84 49
85 17 97 96 18 51 28 28 60 49 25 46 39 34 54 62 11 22 81 53 0 68 34 21 15
26 80 52 98 94 79 74 71 84 64 75 16 96 71 35 91 20 94 26 80 68 0 71 90 97
57 97 90 32 29 39 90 20 21 60 38 50 33 70 88 54 27 80 69 83 34 71 0 18 74
80 26 82 58 21 90 22 96 62 31 27 10 30 96 59 15 83 27 42 84 21 90 18 0 85
33 28 74 92 29 24 72 36 21 30 51 55 72 50 98 72 25 49 26 49 15 97 74 85 0