10
0 58 69 17 82 73 58 96 22 93
58 0 94 40 80 82 95 99 26 39
69 94 0 98 48 96 45 95 53 86
17 40 98 0 65 70 83 33 15 28
82 80 48 65 0 24 61 70 98 13
73 82 96 70 24 0 76 87 56 56
58 95 45 83 61 76 0 65 32 26
96 99 95 33 70 87 65 0 36 30
22 26 53 15 98 56 32 36 0 10
93 39 86 28 13 56 26 30 10 0