15
0 13 35 14 72 12 17 31 59 17 58 86 66 86 26
13 0 69 53 99 36 69 85 15 42 29 15 28 13 31
35 69 0 37 30 95 26 38 43 44 18 58 83 79 71
14 53 37 0 20 49 79 55 14 38 57 82 45 46 41
72 99 30 20 0 15 29 70 61 74 19 67 57 38 58
12 36 95 49 15 0 49 98 26 62 57 17 93 51 72
17 69 26 79 29 49 0 15 79 71 62 14 57 58 63
31 85 38 55 70 98 15 0 26 60 54 14 43 47 53
59 15 43 14 61 26 79 26 0 46 17 84 14 23 90
17 42 44 38 74 62 71 60 46 0 41 75 11 45 52
58 29 18 57 19 57 62 54 17 41 0 16 29 18 16
86 15 58 82 67 17 14 14 84 75 16 0 12 96 68
66 28 83 45 57 93 57 43 14 11 29 12 0 31 18
86 13 79 46 38 51 58 47 23 45 18 96 31 0 12
26 31 71 41 58 72 63 53 90 52 16 68 18 12 0