10
0 22 24 54 24 42 84 23 34 14
22 0 75 20 60 61 92 52 38 62
24 75 0 47 13 69 24 86 41 28
54 20 47 0 77 92 53 39 24 66
24 60 13 77 0 96 17 82 41 32
42 61 69 92 96 0 12 68 83 72
84 92 24 53 17 12 0 49 66 88
23 52 86 39 82 68 49 0 49 72
34 38 41 24 41 83 66 49 0 62
14 62 28 66 32 72 88 72 62 0