10
0 12 89 22 81 92 48 50 23 37
12 0 60 69 85 43 20 54 77 53
89 60 0 58 17 60 36 56 55 44
22 69 58 0 61 89 90 32 82 33
81 85 17 61 0 71 18 72 68 20
92 43 60 89 71 0 74 64 70 14
48 20 36 90 18 74 0 21 17 62
50 54 56 32 72 64 21 0 20 54
23 77 55 82 68 70 17 20 0 70
37 53 44 33 20 14 62 54 70 0