25
0 60 15 27 37 65 58 27 64 90 25 15 68 68 20 26 79 85 52 98 73 89 80 77 14
60 0 34 14 57 83 83 16 14 76 25 53 78 92 60 61 12 38 93 92 88 18 22 20 78
15 34 0 53 69 70 42 25 25 45 84 77 55 63 34 80 89 79 35 66 35 96 97 54 49
27 14 53 0 70 87 49 56 59 99 84 70 88 95 22 12 84 34 59 28 51 10 56 77 43
37 57 69 70 0 35 79 95 22 23 61 69 66 71 61 60 49 86 96 95 75 91 56 88 61
65 83 70 87 35 0 17 10 35 87 44 96 32 74 44 56 90 81 15 21 18 57 27 82 10
58 83 42 49 79 17 0 20 24 80 32 22 38 67 23 43 99 31 40 80 91 30 27 59 15
27 16 25 56 95 10 20 0 90 52 68 88 90 19 60 26 21 74 86 93 56 83 55 39 38
64 14 25 59 22 35 24 90 0 99 32 91 30 86 85 26 75 53 60 91 12 84 19 15 30
90 76 45 99 23 87 80 52 99 0 55 36 43 19 78 27 31 19 75 44 75 88 82 83 45
25 25 84 84 61 44 32 68 32 55 0 61 69 88 61 15 74 18 10 76 20 77 96 84 10
15 53 77 70 69 96 22 88 91 36 61 0 69 19 16 45 28 42 39 13 98 65 93 80 75
68 78 55 88 66 32 38 90 30 43 69 69 0 30 40 12 27 23 47 49 39 37 17 19 17
68 92 63 95 71 74 67 19 86 19 88 19 30 0 48 78 60 51 93 28 24 16 17 13 40
20 60 34 22 61 44 23 60 85 78 61 16 40 48 0 72 16 18 46 77 10 49 79 38 81
26 61 80 12 60 56 43 26 26 27 15 45 12 78 72 0 58 62 55 81 24 95 45 91 19
79 12 89 84 49 90 99 21 75 31 74 28 27 60 16 58 0 81 57 21 93 57 96 47 38
85 38 79 34 86 81 31 74 53 19 18 42 23 51 18 62 81 0 37 78 70 85 71 63 60
52 93 35 59 96 15 40 86 60 75 10 39 47 93 46 55 57 37 0 55 64 14 30 59 34
98 92 66 28 95 21 80 93 91 44 76 13 49 28 77 81 21 78 55 0 98 51 63 95 41
73 88 35 51 75 18 91 56 12 75 20 98 39 24 10 24 93 70 64 98 0 84 16 72 78
89 18 96 10 91 57 30 83 84 88 77 65 37 16 49 95 57 85 14 51 84 0 29 39 48
80 22 97 56 56 27 27 55 19 82 96 93 17 17 79 45 96 71 30 63 16 29 0 48 54
77 20 54 77 88 82 59 39 15 83 84 80 19 13 38 91 47 63 59 95 72 39 48 0 74
14 78 49 43 61 10 15 38 30 45 10 75 17 40 81 19 38 60 34 41 78 48 54 74 0