20
0 76 86 57 41 53 40 24 11 99 32 32 81 33 94 27 35 17 31 57
76 0 36 44 20 62 10 34 33 24 80 91 72 46 57 65 53 54 37 34
86 36 0 71 70 19 36 56 63 25 23 76 47 53 47 82 67 68 49 94
57 44 71 0 28 81 45 85 59 80 58 96 91 72 50 83 42 60 59 84
41 20 70 28 0 83 55 85 44 67 62 82 56 29 61 24 61 12 42 46
53 62 19 81 83 0 88 84 32 79 90 89 51 40 16 42 29 19 81 31
40 10 36 45 55 88 0 99 39 38 33 85 74 33 85 85 60 12 27 61
24 34 56 85 85 84 99 0 92 43 78 53 96 37 69 76 40 53 38 87
11 33 63 59 44 32 39 92 0 20 75 45 89 76 14 33 45 41 19 82
99 24 25 80 67 79 38 43 20 0 80 40 84 92 14 15 86 20 91 82
32 80 23 58 62 90 33 78 75 80 0 88 77 21 48 22 52 50 85 76
32 91 76 96 82 89 85 53 45 40 88 0 26 41 31 13 19 48 40 63
81 72 47 91 56 51 74 96 89 84 77 26 0 57 18 54 42 13 52 68
33 46 53 72 29 40 33 37 76 92 21 41 57 0 96 10 22 31 12 42
94 57 47 50 61 16 85 69 14 14 48 31 18 96 0 12 36 65 95 47
27 65 82 83 24 42 85 76 33 15 22 13 54 10 12 0 47 98 46 55
35 53 67 42 61 29 60 40 45 86 52 19 42 22 36 47 0 39 67 14
17 54 68 60 12 19 12 53 41 20 50 48 13 31 65 98 39 0 88 50
31 37 49 59 42 81 27 38 19 91 85 40 52 12 95 46 67 88 0 40
57 34 94 84 46 31 61 87 82 82 76 63 68 42 47 55 14 50 40 0