20
0 92 34 30 36 44 50 11 70 30 88 58 25 15 14 17 83 35 55 28
92 0 17 39 71 60 76 13 83 55 11 21 81 92 96 36 32 55 13 42
34 17 0 71 93 54 38 82 33 48 76 73 28 15 72 86 55 89 48 75
30 39 71 0 16 24 50 69 38 78 84 99 75 32 94 52 29 86 39 44
36 71 93 16 0 74 98 47 70 96 17 51 46 42 58 22 24 34 22 62
44 60 54 24 74 0 11 71 32 17 22 68 15 42 84 49 37 89 16 26
50 76 38 50 98 11 0 62 65 57 79 45 47 32 52 70 38 22 85 91
11 13 82 69 47 71 62 0 90 24 16 75 11 55 20 26 94 32 89 71
70 83 33 38 70 32 65 90 0 46 42 29 68 71 73 93 53 14 77 10
30 55 48 78 96 17 57 24 46 0 78 44 47 52 43 41 40 15 69 71
88 11 76 84 17 22 79 16 42 78 0 43 78 84 50 36 24 99 75 73
58 21 73 99 51 68 45 75 29 44 43 0 96 63 17 67 69 13 26 25
25 81 28 75 46 15 47 11 68 47 78 96 0 69 72 18 70 19 48 30
15 92 15 32 42 42 32 55 71 52 84 63 69 0 95 45 63 22 90 63
14 96 72 94 58 84 52 20 73 43 50 17 72 95 0 12 46 52 43 55
17 36 86 52 22 49 70 26 93 41 36 67 18 45 12 0 18 32 93 48
83 32 55 29 24 37 38 94 53 40 24 69 70 63 46 18 0 45 58 85
35 55 89 86 34 89 22 32 14 15 99 13 19 22 52 32 45 0 33 93
55 13 48 39 22 16 85 89 77 69 75 26 48 90 43 93 58 33 0 13
28 42 75 44 62 26 91 71 10 71 73 25 30 63 55 48 85 93 13 0