25
0 18 89 62 56 24 27 42 49 53 28 28 55 50 25 27 41 66 32 13 85 25 12 58 43
18 0 48 36 37 21 65 83 16 18 75 97 36 99 37 84 85 21 22 29 32 97 48 58 32
89 48 0 20 72 32 39 61 46 51 49 76 46 76 36 45 24 82 33 81 74 79 82 15 65
62 36 20 0 51 59 69 45 56 96 70 54 63 19 41 23 91 37 15 50 21 13 98 13 58
56 37 72 51 0 84 75 88 21 77 33 80 91 40 37 93 38 61 81 44 42 72 45 26 95
24 21 32 59 84 0 27 49 18 65 25 37 14 44 19 19 61 64 25 42 38 92 27 87 67
27 65 39 69 75 27 0 36 17 91 84 10 62 69 45 69 39 59 32 74 68 42 33 13 62
42 83 61 45 88 49 36 0 49 37 25 27 32 22 85 53 35 54 79 29 64 25 79 65 11
49 16 46 56 21 18 17 49 0 90 23 77 75 61 35 25 57 51 86 26 98 80 11 34 97
53 18 51 96 77 65 91 37 90 0 32 60 58 43 53 20 15 27 92 83 92 75 15 66 41
28 75 49 70 33 25 84 25 23 32 0 63 11 15 82 34 27 96 94 96 79 10 33 89 56
28 97 76 54 80 37 10 27 77 60 63 0 72 82 87 95 86 95 63 35 42 53 31 28 82
55 36 46 63 91 14 62 32 75 58 11 72 0 24 90 79 89 20 32 95 30 95 91 19 17
50 99 76 19 40 44 69 22 61 43 15 82 24 0 63 30 21 32 53 10 22 25 41 84 81
25 37 36 41 37 19 45 85 35 53 82 87 90 63 0 41 90 89 81 15 96 59 58 81 38
27 84 45 23 93 19 69 53 25 20 34 95 79 30 41 0 49 93 78 17 87 57 27 71 12
41 85 24 91 38 61 39 35 57 15 27 86 89 21 90 49 0 62 25 39 99 91 42 19 89
66 21 82 37 61 64 59 54 51 27 96 95 20 32 89 93 62 0 23 17 24 96 75 44 63
32 22 33 15 81 25 32 79 86 92 94 63 32 53 81 78 25 23 0 16 72 20 71 59 18
13 29 81 50 44 42 74 29 26 83 96 35 95 10 15 17 39 17 16 0 17 61 28 86 63
85 32 74 21 42 38 68 64 98 92 79 42 30 22 96 87 99 24 72 17 0 58 86 92 85
25 97 79 13 72 92 42 25 80 75 10 53 95 25 59 57 91 96 20 61 58 0 28 18 69
12 48 82 98 45 27 33 79 11 15 33 31 91 41 58 27 42 75 71 28 86 28 0 72 68
58 58 15 13 26 87 13 65 34 66 89 28 19 84 81 71 19 44 59 86 92 18 72 0 22
43 32 65 58 95 67 62 11 97 41 56 82 17 81 38 12 89 63 18 63 85 69 68 22 0