15
0 88 89 64 54 92 91 82 85 72 30 19 37 33 56
88 0 67 16 29 79 68 85 61 56 56 14 82 44 79
89 67 0 73 22 66 79 68 80 60 78 90 26 32 13
64 16 73 0 34 45 66 32 25 40 89 27 69 20 47
54 29 22 34 0 75 98 52 60 73 63 97 62 66 26
92 79 66 45 75 0 81 52 57 28 23 36 48 51 40
91 68 79 66 98 81 0 71 29 12 21 23 69 69 91
82 85 68 32 52 52 71 0 25 98 83 30 44 86 62
85 61 80 25 60 57 29 25 0 90 69 60 38 37 14
72 56 60 40 73 28 12 98 90 0 18 40 93 97 74
30 56 78 89 63 23 21 83 69 18 0 47 24 30 35
19 14 90 27 97 36 23 30 60 40 47 0 60 29 38
37 82 26 69 62 48 69 44 38 93 24 60 0 30 99
33 44 32 20 66 51 69 86 37 97 30 29 30 0 19
56 79 13 47 26 40 91 62 14 74 35 38 99 19 0