15
0 49 13 16 57 12 48 11 51 30 82 46 90 63 85
49 0 62 91 53 43 31 77 32 25 31 19 14 31 22
13 62 0 44 84 72 87 90 66 32 22 37 40 61 33
16 91 44 0 71 37 84 51 42 28 85 28 85 35 60
57 53 84 71 0 13 67 57 45 16 55 89 56 97 40
12 43 72 37 13 0 78 36 31 71 46 56 43 81 46
48 31 87 84 67 78 0 16 16 26 21 14 21 59 88
11 77 90 51 57 36 16 0 71 64 69 66 28 34 99
51 32 66 42 45 31 16 71 0 25 89 76 48 13 58
30 25 32 28 16 71 26 64 25 0 25 13 29 61 76
82 31 22 85 55 46 21 69 89 25 0 29 80 60 15
46 19 37 28 89 56 14 66 76 13 29 0 28 22 91
90 14 40 85 56 43 21 28 48 29 80 28 0 57 53
63 31 61 35 97 81 59 34 13 61 60 22 57 0 62
85 22 33 60 40 46 88 99 58 76 15 91 53 62 0