30
0 49 40 75 99 98 17 54 14 25 39 18 57 43 71 14 50 41 42 66 60 54 98 85 26 38 75 44 51 46
49 0 40 90 74 32 40 95 33 99 28 53 23 38 17 64 67 94 95 27 44 39 28 53 72 41 84 67 54 27
40 40 0 70 54 36 83 83 52 60 99 70 89 23 84 14 18 69 55 31 21 40 31 44 82 10 38 66 91 51
75 90 70 0 86 23 75 87 29 24 78 92 64 86 67 82 16 83 14 23 58 11 84 39 86 82 93 35 79 87
99 74 54 86 0 97 33 85 68 14 37 96 22 44 91 52 49 56 91 50 61 82 24 93 20 51 55 58 74 67
98 32 36 23 97 0 98 99 51 75 59 41 80 85 85 35 47 26 72 50 77 97 51 92 75 93 52 62 55 95
17 40 83 75 33 98 0 44 46 29 31 66 76 18 17 51 49 36 45 56 11 10 65 50 62 42 41 44 26 18
54 95 83 87 85 99 44 0 88 94 16 86 73 54 42 99 51 51 34 67 43 17 28 90 70 58 25 89 60 48
14 33 52 29 68 51 46 88 0 80 28 60 49 29 86 73 47 16 55 20 41 17 37 58 21 43 85 98 34 95
25 99 60 24 14 75 29 94 80 0 84 44 84 96 31 14 28 82 30 45 78 42 90 25 46 91 91 77 29 96
39 28 99 78 37 59 31 16 28 84 0 48 32 59 85 95 57 88 26 24 64 63 21 59 56 57 53 52 60 35
18 53 70 92 96 41 66 86 60 44 48 0 29 49 86 28 19 42 44 45 74 90 74 74 26 10 80 77 60 32
57 23 89 64 22 80 76 73 49 84 32 29 0 77 28 91 19 69 26 40 21 82 13 56 79 30 34 66 72 85
43 38 23 86 44 85 18 54 29 96 59 49 77 0 41 22 50 65 22 38 78 78 38 75 54 10 74 25 14 52
71 17 84 67 91 85 17 42 86 31 85 86 28 41 0 38 31 61 16 62 79 47 92 88 55 87 49 39 44 11
14 64 14 82 52 35 51 99 73 14 95 28 91 22 38 0 89 90 63 35 73 56 67 17 45 42 88 33 20 72
50 67 18 16 49 47 49 51 47 28 57 19 19 50 31 89 0 88 83 20 59 80 43 83 66 22 61 31 94 15
41 94 69 83 56 26 36 51 16 82 88 42 69 65 61 90 88 0 84 53 53 43 11 30 16 38 19 38 21 50
42 95 55 14 91 72 45 34 55 30 26 44 26 22 16 63 83 84 0 27 49 62 49 16 35 49 11 86 95 45
66 27 31 23 50 50 56 67 20 45 24 45 40 38 62 35 20 53 27 0 80 21 66 57 28 95 15 13 75 23
60 44 21 58 61 77 11 43 41 78 64 74 21 78 79 73 59 53 49 80 0 83 48 69 62 94 48 27 93 52
54 39 40 11 82 97 10 17 17 42 63 90 82 78 47 56 80 43 62 21 83 0 37 90 22 75 35 82 36 62
98 28 31 84 24 51 65 28 37 90 21 74 13 38 92 67 43 11 49 66 48 37 0 90 21 21 61 45 41 37
85 53 44 39 93 92 50 90 58 25 59 74 56 75 88 17 83 30 16 57 69 90 90 0 33 63 43 26 74 96
26 72 82 86 20 75 62 70 21 46 56 26 79 54 55 45 66 16 35 28 62 22 21 33 0 35 78 33 80 78
38 41 10 82 51 93 42 58 43 91 57 10 30 10 87 42 22 38 49 95 94 75 21 63 35 0 99 46 21 86
75 84 38 93 55 52 41 25 85 91 53 80 34 74 49 88 61 19 11 15 48 35 61 43 78 99 0 74 45 18
44 67 66 35 58 62 44 89 98 77 52 77 66 25 39 33 31 38 86 13 27 82 45 26 33 46 74 0 21 40
51 54 91 79 74 55 26 60 34 29 60 60 72 14 44 20 94 21 95 75 93 36 41 74 80 21 45 21 0 59
46 27 51 87 67 95 18 48 95 96 35 32 85 52 11 72 15 50 45 23 52 62 37 96 78 86 18 40 59 0