10
0 18 70 34 17 50 77 64 38 32
18 0 24 30 55 81 17 46 63 65
70 24 0 40 92 59 54 28 30 77
34 30 40 0 39 93 25 64 30 80
17 55 92 39 0 12 17 38 37 63
50 81 59 93 12 0 92 82 27 29
77 17 54 25 17 92 0 12 82 81
64 46 28 64 38 82 12 0 42 13
38 63 30 30 37 27 82 42 0 87
32 65 77 80 63 29 81 13 87 0