30
0 50 59 47 91 32 18 74 59 25 75 51 90 15 12 23 21 31 20 25 34 25 64 72 11 35 43 55 86 65
50 0 44 71 61 35 61 20 55 53 45 16 13 76 90 92 90 14 65 58 57 62 14 58 75 50 96 58 61 11
59 44 0 45 89 97 50 75 51 96 25 62 81 22 70 91 90 78 95 20 31 61 43 64 17 53 69 35 84 46
47 71 45 0 68 78 72 70 16 27 92 89 93 23 16 14 27 28 49 26 30 50 20 25 11 16 49 42 78 77
91 61 89 68 0 28 50 22 82 20 44 34 78 21 55 58 88 61 73 21 29 91 58 70 29 59 89 25 24 64
32 35 97 78 28 0 57 41 52 83 55 80 66 25 63 71 84 34 76 98 69 41 66 10 62 16 72 59 43 63
18 61 50 72 50 57 0 69 90 96 82 58 58 58 74 88 79 49 99 20 61 20 89 77 89 33 90 48 92 62
74 20 75 70 22 41 69 0 64 37 39 38 71 78 48 64 97 97 30 78 80 93 15 65 13 84 85 65 16 85
59 55 51 16 82 52 90 64 0 12 23 83 37 20 14 86 85 22 33 23 89 62 18 76 33 58 13 89 21 69
25 53 96 27 20 83 96 37 12 0 59 98 49 12 89 64 39 76 97 95 18 59 65 80 54 33 14 17 37 44
75 45 25 92 44 55 82 39 23 59 0 80 81 46 35 36 15 79 61 34 50 45 57 97 92 93 11 89 25 94
51 16 62 89 34 80 58 38 83 98 80 0 42 70 27 73 60 34 19 16 38 86 21 43 61 34 73 48 25 61
90 13 81 93 78 66 58 71 37 49 81 42 0 41 72 27 96 61 69 90 49 32 65 48 42 10 54 33 19 60
15 76 22 23 21 25 58 78 20 12 46 70 41 0 21 46 27 22 69 89 39 61 97 56 29 34 69 70 56 90
12 90 70 16 55 63 74 48 14 89 35 27 72 21 0 52 71 60 46 81 43 38 45 99 12 40 25 20 25 30
23 92 91 14 58 71 88 64 86 64 36 73 27 46 52 0 97 89 18 66 43 98 90 14 46 92 57 44 87 14
21 90 90 27 88 84 79 97 85 39 15 60 96 27 71 97 0 50 14 10 86 85 17 47 48 97 38 56 75 31
31 14 78 28 61 34 49 97 22 76 79 34 61 22 60 89 50 0 58 23 71 58 79 56 40 91 26 88 38 24
20 65 95 49 73 76 99 30 33 97 61 19 69 69 46 18 14 58 0 95 81 22 57 83 47 79 94 19 65 38
25 58 20 26 21 98 20 78 23 95 34 16 90 89 81 66 10 23 95 0 97 88 89 54 96 55 72 91 41 16
34 57 31 30 29 69 61 80 89 18 50 38 49 39 43 43 86 71 81 97 0 43 16 32 25 98 94 35 33 41
25 62 61 50 91 41 20 93 62 59 45 86 32 61 38 98 85 58 22 88 43 0 37 80 87 15 96 54 56 81
64 14 43 20 58 66 89 15 18 65 57 21 65 97 45 90 17 79 57 89 16 37 0 77 36 16 31 15 41 11
72 58 64 25 70 10 77 65 76 80 97 43 48 56 99 14 47 56 83 54 32 80 77 0 86 19 81 73 81 23
11 75 17 11 29 62 89 13 33 54 92 61 42 29 12 46 48 40 47 96 25 87 36 86 0 30 51 45 20 51
35 50 53 16 59 16 33 84 58 33 93 34 10 34 40 92 97 91 79 55 98 15 16 19 30 0 52 75 21 44
43 96 69 49 89 72 90 85 13 14 11 73 54 69 25 57 38 26 94 72 94 96 31 81 51 52 0 72 75 15
55 58 35 42 25 59 48 65 89 17 89 48 33 70 20 44 56 88 19 91 35 54 15 73 45 75 72 0 42 46
86 61 84 78 24 43 92 16 21 37 25 25 19 56 25 87 75 38 65 41 33 56 41 81 20 21 75 42 0 47
65 11 46 77 64 63 62 85 69 44 94 61 60 90 30 14 31 24 38 16 41 81 11 23 51 44 15 46 47 0