15
0 57 35 36 28 16 49 88 35 94 40 80 56 91 20
57 0 65 37 26 88 68 42 72 11 15 83 95 29 74
35 65 0 25 43 39 29 61 58 59 71 69 50 86 45
36 37 25 0 59 67 42 28 80 27 72 75 84 68 92
28 26 43 59 0 97 71 40 74 21 85 81 88 45 67
16 88 39 67 97 0 18 49 17 66 93 44 88 10 77
49 68 29 42 71 18 0 84 55 52 61 63 96 30 26
88 42 61 28 40 49 84 0 70 43 48 50 16 49 22
35 72 58 80 74 17 55 70 0 43 33 27 23 34 45
94 11 59 27 21 66 52 43 43 0 96 77 57 31 92
40 15 71 72 85 93 61 48 33 96 0 90 49 54 11
80 83 69 75 81 44 63 50 27 77 90 0 57 72 87
56 95 50 84 88 88 96 16 23 57 49 57 0 44 84
91 29 86 68 45 10 30 49 34 31 54 72 44 0 14
20 74 45 92 67 77 26 22 45 92 11 87 84 14 0