15
0 96 27 54 15 35 48 78 42 32 11 93 99 60 16
96 0 47 49 60 75 24 74 36 16 54 36 59 76 81
27 47 0 50 20 23 51 66 27 42 99 75 23 64 72
54 49 50 0 61 89 74 40 74 46 67 79 91 57 94
15 60 20 61 0 32 78 40 19 73 77 39 65 42 12
35 75 23 89 32 0 46 83 53 97 53 59 76 20 61
48 24 51 74 78 46 0 88 32 60 98 88 22 73 88
78 74 66 40 40 83 88 0 74 58 32 40 40 54 86
42 36 27 74 19 53 32 74 0 30 29 92 74 49 37
32 16 42 46 73 97 60 58 30 0 90 84 31 35 77
11 54 99 67 77 53 98 32 29 90 0 62 69 62 30
93 36 75 79 39 59 88 40 92 84 62 0 31 51 57
99 59 23 91 65 76 22 40 74 31 69 31 0 33 70
60 76 64 57 42 20 73 54 49 35 62 51 33 0 93
16 81 72 94 12 61 88 86 37 77 30 57 70 93 0