10
0 44 53 52 25 65 90 22 86 88
44 0 33 39 11 93 68 20 72 43
53 33 0 48 73 50 70 43 77 80
52 39 48 0 11 76 13 72 13 53
25 11 73 11 0 89 76 54 26 89
65 93 50 76 89 0 58 80 54 19
90 68 70 13 76 58 0 97 50 22
22 20 43 72 54 80 97 0 42 79
86 72 77 13 26 54 50 42 0 37
88 43 80 53 89 19 22 79 37 0