15
0 18 30 91 96 12 55 41 67 93 23 72 31 32 31
18 0 34 62 94 58 94 42 50 99 55 54 38 21 43
30 34 0 45 41 58 12 19 88 10 94 81 77 83 48
91 62 45 0 46 42 84 67 54 78 69 14 39 52 99
96 94 41 46 0 37 64 88 19 56 45 78 96 72 81
12 58 58 42 37 0 78 64 14 28 10 87 39 97 29
55 94 12 84 64 78 0 89 12 93 90 38 46 37 59
41 42 19 67 88 64 89 0 83 91 72 49 35 99 89
67 50 88 54 19 14 12 83 0 90 16 51 80 23 70
93 99 10 78 56 28 93 91 90 0 31 40 18 18 99
23 55 94 69 45 10 90 72 16 31 0 68 97 98 84
72 54 81 14 78 87 38 49 51 40 68 0 25 42 15
31 38 77 39 96 39 46 35 80 18 97 25 0 19 90
32 21 83 52 72 97 37 99 23 18 98 42 19 0 77
31 43 48 99 81 29 59 89 70 99 84 15 90 77 0