15
0 63 61 59 99 71 99 85 67 76 58 35 42 67 66
63 0 39 37 79 32 83 63 37 58 18 64 49 40 76
61 39 0 88 75 60 60 15 60 73 50 31 57 78 34
59 37 88 0 45 83 97 87 64 29 63 38 28 99 17
99 79 75 45 0 51 72 18 29 70 39 32 76 23 65
71 32 60 83 51 0 41 60 19 92 19 89 24 71 88
99 83 60 97 72 41 0 59 49 96 32 18 20 88 93
85 63 15 87 18 60 59 0 26 66 75 21 78 98 55
67 37 60 64 29 19 49 26 0 15 98 21 96 94 79
76 58 73 29 70 92 96 66 15 0 51 11 87 41 99
58 18 50 63 39 19 32 75 98 51 0 62 26 46 41
35 64 31 38 32 89 18 21 21 11 62 0 48 58 95
42 49 57 28 76 24 20 78 96 87 26 48 0 52 60
67 40 78 99 23 71 88 98 94 41 46 58 52 0 21
66 76 34 17 65 88 93 55 79 99 41 95 60 21 0