20
0 66 60 29 67 91 13 63 35 28 93 10 61 61 77 13 68 49 92 38
66 0 28 23 37 74 91 25 84 36 30 85 32 95 80 57 77 21 27 13
60 28 0 92 94 56 72 75 40 35 49 79 69 24 29 17 78 44 29 69
29 23 92 0 58 92 64 86 41 49 49 76 16 42 15 20 83 71 13 53
67 37 94 58 0 65 63 40 96 88 93 98 24 60 55 63 94 42 93 47
91 74 56 92 65 0 27 33 82 86 44 43 24 30 44 41 54 88 23 64
13 91 72 64 63 27 0 61 65 39 27 24 36 31 11 74 35 96 93 76
63 25 75 86 40 33 61 0 25 47 19 24 70 47 69 78 89 18 49 92
35 84 40 41 96 82 65 25 0 16 41 75 18 60 91 64 60 24 88 15
28 36 35 49 88 86 39 47 16 0 40 34 58 62 33 40 72 26 20 31
93 30 49 49 93 44 27 19 41 40 0 26 68 91 26 64 16 69 65 40
10 85 79 76 98 43 24 24 75 34 26 0 53 80 96 29 66 42 12 13
61 32 69 16 24 24 36 70 18 58 68 53 0 38 26 26 28 92 17 90
61 95 24 42 60 30 31 47 60 62 91 80 38 0 70 99 18 29 92 68
77 80 29 15 55 44 11 69 91 33 26 96 26 70 0 34 69 25 34 71
13 57 17 20 63 41 74 78 64 40 64 29 26 99 34 0 21 89 85 29
68 77 78 83 94 54 35 89 60 72 16 66 28 18 69 21 0 70 11 88
49 21 44 71 42 88 96 18 24 26 69 42 92 29 25 89 70 0 51 28
92 27 29 13 93 23 93 49 88 20 65 12 17 92 34 85 11 51 0 85
38 13 69 53 47 64 76 92 15 31 40 13 90 68 71 29 88 28 85 0