30
0 75 43 94 19 83 62 78 24 78 14 65 24 45 49 39 46 96 56 48 25 11 53 92 94 83 39 66 15 50
75 0 71 13 58 67 20 65 31 64 13 90 66 26 92 87 90 94 69 34 11 99 48 55 57 60 44 96 60 41
43 71 0 19 79 15 25 85 31 24 66 94 27 18 57 29 87 28 42 82 62 32 29 80 71 30 30 74 12 72
94 13 19 0 59 72 37 25 98 18 30 63 97 94 95 32 28 68 99 72 36 55 83 19 81 83 38 60 55 14
19 58 79 59 0 54 75 95 14 32 46 63 68 31 66 69 78 45 50 33 45 64 98 62 65 24 56 14 11 31
83 67 15 72 54 0 45 46 85 72 23 84 74 32 38 14 79 88 66 13 11 36 49 60 96 46 79 12 54 46
62 20 25 37 75 45 0 34 55 34 18 55 49 98 14 98 50 60 55 43 85 54 82 93 92 75 75 12 47 36
78 65 85 25 95 46 34 0 22 91 19 87 52 90 91 52 29 19 40 49 47 73 53 78 47 99 39 15 51 47
24 31 31 98 14 85 55 22 0 29 55 68 29 42 21 71 14 95 63 35 64 49 78 11 56 86 35 42 50 96
78 64 24 18 32 72 34 91 29 0 43 42 44 68 72 23 75 47 51 14 84 55 44 27 13 39 76 48 46 60
14 13 66 30 46 23 18 19 55 43 0 88 80 77 30 40 16 29 42 49 36 13 77 50 72 53 58 89 28 69
65 90 94 63 63 84 55 87 68 42 88 0 64 30 92 83 93 97 46 86 68 94 32 46 99 23 25 94 21 61
24 66 27 97 68 74 49 52 29 44 80 64 0 92 61 78 62 81 96 95 56 66 42 60 79 69 82 93 90 93
45 26 18 94 31 32 98 90 42 68 77 30 92 0 90 47 92 24 69 35 31 88 70 60 49 27 19 15 75 15
49 92 57 95 66 38 14 91 21 72 30 92 61 90 0 46 34 19 27 66 47 38 54 90 82 26 53 86 68 30
39 87 29 32 69 14 98 52 71 23 40 83 78 47 46 0 74 95 32 65 60 86 59 23 87 33 13 20 66 88
46 90 87 28 78 79 50 29 14 75 16 93 62 92 34 74 0 42 30 47 15 85 60 79 32 97 84 60 19 22
96 94 28 68 45 88 60 19 95 47 29 97 81 24 19 95 42 0 77 16 13 66 76 37 29 40 27 97 18 84
56 69 42 99 50 66 55 40 63 51 42 46 96 69 27 32 30 77 0 89 16 68 90 17 71 75 99 60 80 14
48 34 82 72 33 13 43 49 35 14 49 86 95 35 66 65 47 16 89 0 98 72 65 91 47 49 54 94 48 51
25 11 62 36 45 11 85 47 64 84 36 68 56 31 47 60 15 13 16 98 0 80 67 98 87 23 68 10 41 16
11 99 32 55 64 36 54 73 49 55 13 94 66 88 38 86 85 66 68 72 80 0 35 90 62 86 91 49 94 82
53 48 29 83 98 49 82 53 78 44 77 32 42 70 54 59 60 76 90 65 67 35 0 82 26 96 15 85 97 23
92 55 80 19 62 60 93 78 11 27 50 46 60 60 90 23 79 37 17 91 98 90 82 0 84 89 98 52 46 99
94 57 71 81 65 96 92 47 56 13 72 99 79 49 82 87 32 29 71 47 87 62 26 84 0 73 86 27 85 20
83 60 30 83 24 46 75 99 86 39 53 23 69 27 26 33 97 40 75 49 23 86 96 89 73 0 21 19 66 23
39 44 30 38 56 79 75 39 35 76 58 25 82 19 53 13 84 27 99 54 68 91 15 98 86 21 0 92 12 56
66 96 74 60 14 12 12 15 42 48 89 94 93 15 86 20 60 97 60 94 10 49 85 52 27 19 92 0 11 67
15 60 12 55 11 54 47 51 50 46 28 21 90 75 68 66 19 18 80 48 41 94 97 46 85 66 12 11 0 40
50 41 72 14 31 46 36 47 96 60 69 61 93 15 30 88 22 84 14 51 16 82 23 99 20 23 56 67 40 0