10
0 82 79 64 40 94 97 91 88 51
82 0 80 58 62 65 75 11 82 56
79 80 0 43 33 11 64 69 93 69
64 58 43 0 68 25 76 70 68 43
40 62 33 68 0 14 38 93 67 25
94 65 11 25 14 0 93 89 80 60
97 75 64 76 38 93 0 43 72 75
91 11 69 70 93 89 43 0 86 90
88 82 93 68 67 80 72 86 0 13
51 56 69 43 25 60 75 90 13 0