30
0 16 52 14 14 57 98 21 42 30 91 20 32 17 95 67 23 27 80 20 98 13 47 42 28 91 98 61 85 14
16 0 83 97 81 48 13 38 14 15 76 10 83 48 55 92 68 81 51 52 53 52 15 14 20 64 66 83 87 47
52 83 0 61 55 48 70 10 81 71 75 80 10 58 94 12 23 62 52 66 30 95 78 68 97 85 71 31 84 32
14 97 61 0 82 94 54 99 59 30 30 37 93 68 18 13 80 67 59 20 54 80 91 54 62 61 18 26 45 15
14 81 55 82 0 86 25 53 45 49 69 30 20 14 79 45 46 15 10 90 55 57 91 27 24 39 12 77 44 41
57 48 48 94 86 0 90 83 15 48 64 77 58 35 92 66 73 41 88 96 45 69 84 18 52 52 43 67 77 59
98 13 70 54 25 90 0 11 59 53 43 63 45 63 90 77 44 70 19 57 85 82 84 45 33 85 23 28 94 23
21 38 10 99 53 83 11 0 79 16 29 76 97 75 68 15 55 17 86 18 74 35 59 88 99 55 66 77 58 78
42 14 81 59 45 15 59 79 0 10 13 48 53 33 34 71 62 72 35 72 77 66 93 14 68 39 93 71 49 73
30 15 71 30 49 48 53 16 10 0 26 60 72 70 27 55 88 50 84 69 17 65 91 95 97 71 43 98 29 97
91 76 75 30 69 64 43 29 13 26 0 15 59 90 58 62 64 46 37 17 30 85 57 11 14 13 86 32 80 44
20 10 80 37 30 77 63 76 48 60 15 0 21 72 38 65 45 89 12 81 13 80 23 23 19 23 43 54 65 44
32 83 10 93 20 58 45 97 53 72 59 21 0 43 94 39 57 30 77 36 74 54 23 19 40 78 32 10 49 72
17 48 58 68 14 35 63 75 33 70 90 72 43 0 83 39 62 33 38 85 83 36 11 31 83 34 14 47 73 30
95 55 94 18 79 92 90 68 34 27 58 38 94 83 0 84 56 91 88 78 30 29 75 51 14 21 28 72 38 78
67 92 12 13 45 66 77 15 71 55 62 65 39 39 84 0 46 66 25 14 95 97 31 13 99 48 29 14 58 77
23 68 23 80 46 73 44 55 62 88 64 45 57 62 56 46 0 29 38 75 27 11 11 17 14 34 28 46 64 90
27 81 62 67 15 41 70 17 72 50 46 89 30 33 91 66 29 0 64 77 46 42 33 49 68 65 54 75 62 44
80 51 52 59 10 88 19 86 35 84 37 12 77 38 88 25 38 64 0 27 47 88 42 69 64 32 39 75 10 36
20 52 66 20 90 96 57 18 72 69 17 81 36 85 78 14 75 77 27 0 70 99 68 18 52 83 19 57 20 74
98 53 30 54 55 45 85 74 77 17 30 13 74 83 30 95 27 46 47 70 0 46 31 28 38 24 70 82 33 75
13 52 95 80 57 69 82 35 66 65 85 80 54 36 29 97 11 42 88 99 46 0 51 21 48 72 77 98 63 66
47 15 78 91 91 84 84 59 93 91 57 23 23 11 75 31 11 33 42 68 31 51 0 92 27 80 65 59 52 55
42 14 68 54 27 18 45 88 14 95 11 23 19 31 51 13 17 49 69 18 28 21 92 0 17 72 33 82 39 67
28 20 97 62 24 52 33 99 68 97 14 19 40 83 14 99 14 68 64 52 38 48 27 17 0 73 95 67 63 56
91 64 85 61 39 52 85 55 39 71 13 23 78 34 21 48 34 65 32 83 24 72 80 72 73 0 50 77 83 36
98 66 71 18 12 43 23 66 93 43 86 43 32 14 28 29 28 54 39 19 70 77 65 33 95 50 0 37 15 22
61 83 31 26 77 67 28 77 71 98 32 54 10 47 72 14 46 75 75 57 82 98 59 82 67 77 37 0 22 28
85 87 84 45 44 77 94 58 49 29 80 65 49 73 38 58 64 62 10 20 33 63 52 39 63 83 15 22 0 63
14 47 32 15 41 59 23 78 73 97 44 44 72 30 78 77 90 44 36 74 75 66 55 67 56 36 22 28 63 0