30
0 72 32 93 29 71 78 81 53 70 32 79 39 25 46 28 93 22 68 23 31 80 96 38 33 88 97 58 11 68
72 0 92 40 54 60 96 34 64 98 50 38 73 12 92 38 35 83 46 52 61 49 44 11 86 19 82 29 34 94
32 92 0 16 50 23 99 33 53 89 18 68 53 73 20 81 38 23 63 68 81 28 77 85 56 10 60 67 54 85
93 40 16 0 62 47 56 31 79 93 67 35 26 49 80 31 42 68 15 44 53 90 96 58 84 18 63 19 15 15
29 54 50 62 0 46 77 57 17 12 98 59 97 54 45 73 60 52 66 82 56 19 14 41 30 21 37 99 21 87
71 60 23 47 46 0 13 20 82 66 58 66 66 95 98 78 18 57 79 81 39 98 94 30 20 52 58 37 24 88
78 96 99 56 77 13 0 19 44 64 63 11 52 63 94 45 60 35 72 93 65 80 42 28 50 74 81 73 23 16
81 34 33 31 57 20 19 0 24 31 92 65 89 84 46 52 86 82 80 68 71 31 42 91 87 62 71 60 47 19
53 64 53 79 17 82 44 24 0 58 17 71 67 69 76 63 11 19 24 35 27 54 49 26 24 51 93 98 26 98
70 98 89 93 12 66 64 31 58 0 44 80 63 13 92 18 98 76 68 86 35 32 29 95 69 51 94 20 28 52
32 50 18 67 98 58 63 92 17 44 0 20 14 62 75 67 49 21 85 85 17 46 48 99 82 69 18 48 53 14
79 38 68 35 59 66 11 65 71 80 20 0 10 91 54 96 30 47 31 45 61 39 65 64 85 87 26 65 88 78
39 73 53 26 97 66 52 89 67 63 14 10 0 74 13 40 89 36 93 57 38 60 37 37 70 38 53 34 85 18
25 12 73 49 54 95 63 84 69 13 62 91 74 0 13 43 99 38 34 64 61 54 41 46 19 97 38 44 75 33
46 92 20 80 45 98 94 46 76 92 75 54 13 13 0 13 81 65 35 26 20 26 34 51 60 37 16 97 81 75
28 38 81 31 73 78 45 52 63 18 67 96 40 43 13 0 37 51 42 67 89 64 38 32 31 29 18 54 31 20
93 35 38 42 60 18 60 86 11 98 49 30 89 99 81 37 0 30 83 51 52 35 14 65 89 76 47 70 25 88
22 83 23 68 52 57 35 82 19 76 21 47 36 38 65 51 30 0 57 31 78 83 49 87 25 41 39 48 48 58
68 46 63 15 66 79 72 80 24 68 85 31 93 34 35 42 83 57 0 82 89 36 56 75 61 66 42 66 55 65
23 52 68 44 82 81 93 68 35 86 85 45 57 64 26 67 51 31 82 0 19 22 94 23 97 80 29 43 45 48
31 61 81 53 56 39 65 71 27 35 17 61 38 61 20 89 52 78 89 19 0 44 79 72 61 41 70 65 55 69
80 49 28 90 19 98 80 31 54 32 46 39 60 54 26 64 35 83 36 22 44 0 79 34 43 42 86 55 77 99
96 44 77 96 14 94 42 42 49 29 48 65 37 41 34 38 14 49 56 94 79 79 0 15 47 84 98 36 99 54
38 11 85 58 41 30 28 91 26 95 99 64 37 46 51 32 65 87 75 23 72 34 15 0 42 79 36 49 17 42
33 86 56 84 30 20 50 87 24 69 82 85 70 19 60 31 89 25 61 97 61 43 47 42 0 74 85 96 79 90
88 19 10 18 21 52 74 62 51 51 69 87 38 97 37 29 76 41 66 80 41 42 84 79 74 0 58 65 62 82
97 82 60 63 37 58 81 71 93 94 18 26 53 38 16 18 47 39 42 29 70 86 98 36 85 58 0 44 41 93
58 29 67 19 99 37 73 60 98 20 48 65 34 44 97 54 70 48 66 43 65 55 36 49 96 65 44 0 84 63
11 34 54 15 21 24 23 47 26 28 53 88 85 75 81 31 25 48 55 45 55 77 99 17 79 62 41 84 0 47
68 94 85 15 87 88 16 19 98 52 14 78 18 33 75 20 88 58 65 48 69 99 54 42 90 82 93 63 47 0