30
0 96 63 72 38 39 69 33 97 90 42 51 56 41 99 71 63 32 56 33 33 86 89 46 23 52 87 80 94 58
96 0 85 99 71 58 69 22 58 88 98 82 35 43 37 89 76 18 26 42 82 28 90 31 63 13 83 79 51 23
63 85 0 11 87 55 38 57 82 40 29 22 79 49 27 97 49 58 38 23 60 74 58 91 63 78 28 85 14 27
72 99 11 0 39 82 89 82 26 50 92 43 66 22 22 52 18 45 76 74 96 15 47 18 80 26 48 40 72 76
38 71 87 39 0 91 21 95 94 88 74 14 74 68 62 56 25 75 31 69 17 54 13 91 98 93 31 79 38 11
39 58 55 82 91 0 48 27 25 37 64 22 97 51 57 47 15 46 97 83 96 32 39 66 97 69 93 48 71 50
69 69 38 89 21 48 0 97 32 61 46 86 76 99 56 34 70 56 27 87 37 84 15 20 49 59 17 28 28 76
33 22 57 82 95 27 97 0 54 70 21 78 35 46 32 66 98 24 58 61 67 15 55 74 24 14 20 56 86 29
97 58 82 26 94 25 32 54 0 41 58 12 24 13 82 52 23 80 54 65 68 62 27 98 66 50 38 41 95 24
90 88 40 50 88 37 61 70 41 0 89 38 88 23 79 40 32 41 31 43 51 64 64 20 59 38 14 84 60 44
42 98 29 92 74 64 46 21 58 89 0 93 72 73 61 90 36 13 57 14 92 36 92 22 73 42 94 32 81 24
51 82 22 43 14 22 86 78 12 38 93 0 54 66 61 65 70 62 16 82 87 45 85 71 10 65 71 70 69 55
56 35 79 66 74 97 76 35 24 88 72 54 0 62 78 64 46 39 84 51 44 26 34 57 70 70 96 11 49 52
41 43 49 22 68 51 99 46 13 23 73 66 62 0 63 25 42 39 71 68 34 81 23 95 44 35 19 94 25 27
99 37 27 22 62 57 56 32 82 79 61 61 78 63 0 19 76 49 62 74 41 55 32 70 19 80 94 68 82 35
71 89 97 52 56 47 34 66 52 40 90 65 64 25 19 0 38 76 73 48 68 36 87 34 71 59 79 96 27 42
63 76 49 18 25 15 70 98 23 32 36 70 46 42 76 38 0 70 81 66 51 41 73 85 68 78 50 63 77 36
32 18 58 45 75 46 56 24 80 41 13 62 39 39 49 76 70 0 19 11 55 45 95 56 56 76 28 10 55 72
56 26 38 76 31 97 27 58 54 31 57 16 84 71 62 73 81 19 0 73 68 32 15 35 17 21 26 52 21 40
33 42 23 74 69 83 87 61 65 43 14 82 51 68 74 48 66 11 73 0 89 81 71 52 22 89 26 76 78 40
33 82 60 96 17 96 37 67 68 51 92 87 44 34 41 68 51 55 68 89 0 61 40 45 48 22 14 62 35 82
86 28 74 15 54 32 84 15 62 64 36 45 26 81 55 36 41 45 32 81 61 0 42 24 10 52 12 76 18 20
89 90 58 47 13 39 15 55 27 64 92 85 34 23 32 87 73 95 15 71 40 42 0 92 28 62 16 69 27 46
46 31 91 18 91 66 20 74 98 20 22 71 57 95 70 34 85 56 35 52 45 24 92 0 65 21 97 59 81 66
23 63 63 80 98 97 49 24 66 59 73 10 70 44 19 71 68 56 17 22 48 10 28 65 0 65 29 29 71 47
52 13 78 26 93 69 59 14 50 38 42 65 70 35 80 59 78 76 21 89 22 52 62 21 65 0 55 86 60 61
87 83 28 48 31 93 17 20 38 14 94 71 96 19 94 79 50 28 26 26 14 12 16 97 29 55 0 10 24 63
80 79 85 40 79 48 28 56 41 84 32 70 11 94 68 96 63 10 52 76 62 76 69 59 29 86 10 0 53 52
94 51 14 72 38 71 28 86 95 60 81 69 49 25 82 27 77 55 21 78 35 18 27 81 71 60 24 53 0 60
58 23 27 76 11 50 76 29 24 44 24 55 52 27 35 42 36 72 40 40 82 20 46 66 47 61 63 52 60 0