30
0 77 81 83 62 14 50 87 68 38 29 17 23 10 78 42 45 23 17 49 63 22 93 79 45 29 12 20 97 82
77 0 24 96 81 73 51 35 52 49 23 82 48 64 31 21 30 89 90 60 75 52 63 56 35 45 71 71 25 56
81 24 0 26 41 77 13 85 57 54 52 31 57 49 26 74 57 50 38 38 48 99 46 81 32 53 73 93 21 18
83 96 26 0 39 75 79 96 20 56 97 43 22 99 62 51 45 29 35 90 28 73 94 26 90 54 64 88 64 31
62 81 41 39 0 26 23 95 15 25 32 18 41 57 93 72 95 95 22 11 80 40 65 58 73 57 78 71 45 40
14 73 77 75 26 0 23 36 40 12 52 86 77 80 74 66 46 81 63 87 51 47 80 40 39 70 37 85 82 17
50 51 13 79 23 23 0 43 37 75 64 27 74 51 10 17 87 92 62 50 28 99 18 96 73 90 55 99 30 24
87 35 85 96 95 36 43 0 45 36 67 93 94 96 30 34 30 59 95 73 22 79 53 40 85 76 23 81 53 61
68 52 57 20 15 40 37 45 0 49 22 83 46 20 56 79 31 35 11 10 26 93 69 57 34 87 31 42 66 87
38 49 54 56 25 12 75 36 49 0 37 71 10 14 66 39 30 59 70 62 67 91 81 84 55 30 94 71 31 51
29 23 52 97 32 52 64 67 22 37 0 63 47 76 28 26 13 16 78 84 46 90 40 66 22 27 98 79 36 94
17 82 31 43 18 86 27 93 83 71 63 0 48 70 38 73 14 31 22 95 47 24 30 62 57 75 51 84 48 14
23 48 57 22 41 77 74 94 46 10 47 48 0 51 85 46 81 23 84 48 60 66 56 65 73 70 78 24 22 68
10 64 49 99 57 80 51 96 20 14 76 70 51 0 98 24 54 70 92 96 81 21 49 59 87 72 46 79 25 37
78 31 26 62 93 74 10 30 56 66 28 38 85 98 0 17 90 90 76 35 97 87 27 68 84 75 15 76 58 98
42 21 74 51 72 66 17 34 79 39 26 73 46 24 17 0 46 54 98 35 81 43 98 33 73 64 45 88 20 55
45 30 57 45 95 46 87 30 31 30 13 14 81 54 90 46 0 37 77 15 38 97 79 14 61 23 64 31 70 15
23 89 50 29 95 81 92 59 35 59 16 31 23 70 90 54 37 0 17 14 55 33 69 35 15 32 89 34 53 52
17 90 38 35 22 63 62 95 11 70 78 22 84 92 76 98 77 17 0 65 20 66 62 76 23 94 10 13 61 22
49 60 38 90 11 87 50 73 10 62 84 95 48 96 35 35 15 14 65 0 48 52 80 45 46 18 67 94 93 82
63 75 48 28 80 51 28 22 26 67 46 47 60 81 97 81 38 55 20 48 0 93 71 20 61 75 76 76 69 59
22 52 99 73 40 47 99 79 93 91 90 24 66 21 87 43 97 33 66 52 93 0 45 88 66 24 76 41 95 54
93 63 46 94 65 80 18 53 69 81 40 30 56 49 27 98 79 69 62 80 71 45 0 13 97 15 22 22 34 53
79 56 81 26 58 40 96 40 57 84 66 62 65 59 68 33 14 35 76 45 20 88 13 0 93 69 19 16 64 34
45 35 32 90 73 39 73 85 34 55 22 57 73 87 84 73 61 15 23 46 61 66 97 93 0 62 90 84 79 86
29 45 53 54 57 70 90 76 87 30 27 75 70 72 75 64 23 32 94 18 75 24 15 69 62 0 66 41 84 66
12 71 73 64 78 37 55 23 31 94 98 51 78 46 15 45 64 89 10 67 76 76 22 19 90 66 0 64 33 52
20 71 93 88 71 85 99 81 42 71 79 84 24 79 76 88 31 34 13 94 76 41 22 16 84 41 64 0 28 52
97 25 21 64 45 82 30 53 66 31 36 48 22 25 58 20 70 53 61 93 69 95 34 64 79 84 33 28 0 17
82 56 18 31 40 17 24 61 87 51 94 14 68 37 98 55 15 52 22 82 59 54 53 34 86 66 52 52 17 0