25
0 57 35 49 29 37 39 56 19 14 51 63 98 83 84 87 13 41 52 90 37 48 23 94 29
57 0 32 17 57 97 97 24 36 72 45 89 62 19 38 78 15 58 29 71 73 43 79 17 57
35 32 0 35 93 49 39 95 97 42 83 52 51 66 23 79 95 42 10 50 52 72 65 47 30
49 17 35 0 43 12 21 15 73 92 93 98 72 65 95 69 92 64 89 93 63 75 36 22 46
29 57 93 43 0 33 91 91 34 94 20 45 36 81 72 94 79 98 65 18 82 51 45 19 68
37 97 49 12 33 0 84 49 24 11 45 11 70 88 88 59 20 20 34 71 43 63 48 50 46
39 97 39 21 91 84 0 86 91 74 17 92 46 13 83 28 35 10 55 53 18 76 71 23 46
56 24 95 15 91 49 86 0 80 58 72 27 73 44 27 71 77 30 67 25 51 21 68 53 58
19 36 97 73 34 24 91 80 0 40 96 62 40 35 54 48 33 92 67 32 13 94 88 35 83
14 72 42 92 94 11 74 58 40 0 77 30 17 47 72 80 68 62 77 10 86 58 93 20 29
51 45 83 93 20 45 17 72 96 77 0 73 22 86 49 91 24 39 64 72 24 54 67 73 25
63 89 52 98 45 11 92 27 62 30 73 0 24 82 81 27 26 40 23 37 75 66 33 93 82
98 62 51 72 36 70 46 73 40 17 22 24 0 22 52 91 32 23 16 27 95 51 76 10 21
83 19 66 65 81 88 13 44 35 47 86 82 22 0 18 10 89 10 67 43 59 57 54 52 71
84 38 23 95 72 88 83 27 54 72 49 81 52 18 0 13 77 41 47 34 28 91 52 37 47
87 78 79 69 94 59 28 71 48 80 91 27 91 10 13 0 65 40 96 99 76 90 94 29 73
13 15 95 92 79 20 35 77 33 68 24 26 32 89 77 65 0 98 19 51 16 33 14 67 91
41 58 42 64 98 20 10 30 92 62 39 40 23 10 41 40 98 0 21 66 23 73 98 61 17
52 29 10 89 65 34 55 67 67 77 64 23 16 67 47 96 19 21 0 61 72 30 46 53 27
90 71 50 93 18 71 53 25 32 10 72 37 27 43 34 99 51 66 61 0 75 12 28 82 90
37 73 52 63 82 43 18 51 13 86 24 75 95 59 28 76 16 23 72 75 0 64 94 32 65
48 43 72 75 51 63 76 21 94 58 54 66 51 57 91 90 33 73 30 12 64 0 43 97 55
23 79 65 36 45 48 71 68 88 93 67 33 76 54 52 94 14 98 46 28 94 43 0 87 58
94 17 47 22 19 50 23 53 35 20 73 93 10 52 37 29 67 61 53 82 32 97 87 0 43
29 57 30 46 68 46 46 58 83 29 25 82 21 71 47 73 91 17 27 90 65 55 58 43 0