15
0 28 88 82 96 10 42 47 14 53 57 43 75 94 60
28 0 99 26 43 68 16 73 17 31 75 85 42 45 97
88 99 0 53 62 11 57 97 33 88 53 12 10 31 59
82 26 53 0 14 86 93 89 71 60 59 89 32 24 72
96 43 62 14 0 37 68 19 74 44 85 66 25 72 96
10 68 11 86 37 0 14 99 53 13 28 74 45 85 49
42 16 57 93 68 14 0 43 76 29 10 75 32 27 86
47 73 97 89 19 99 43 0 53 91 41 15 79 34 27
14 17 33 71 74 53 76 53 0 16 67 64 44 55 67
53 31 88 60 44 13 29 91 16 0 44 53 50 17 86
57 75 53 59 85 28 10 41 67 44 0 45 51 68 38
43 85 12 89 66 74 75 15 64 53 45 0 31 78 33
75 42 10 32 25 45 32 79 44 50 51 31 0 76 47
94 45 31 24 72 85 27 34 55 17 68 78 76 0 44
60 97 59 72 96 49 86 27 67 86 38 33 47 44 0