25
0 41 57 59 17 62 71 55 75 44 66 55 43 36 68 23 94 90 91 18 30 74 62 61 15
41 0 47 10 57 41 13 97 56 20 39 90 21 29 77 41 89 78 47 52 38 77 88 57 78
57 47 0 14 83 42 13 13 18 81 68 71 67 26 64 67 18 62 39 85 31 31 41 62 72
59 10 14 0 52 44 30 52 19 22 12 72 42 58 42 27 57 24 17 38 71 73 64 22 52
17 57 83 52 0 22 60 67 21 92 87 92 38 65 25 12 86 98 76 63 35 53 19 92 63
62 41 42 44 22 0 77 21 60 23 45 67 62 42 50 25 47 42 23 34 36 45 62 86 89
71 13 13 30 60 77 0 54 22 27 84 28 77 62 66 51 53 66 35 92 23 72 18 90 46
55 97 13 52 67 21 54 0 13 83 58 61 27 58 82 18 50 70 57 48 78 78 86 33 39
75 56 18 19 21 60 22 13 0 40 74 23 22 98 47 83 84 11 94 14 71 91 81 43 94
44 20 81 22 92 23 27 83 40 0 54 27 18 65 78 78 92 68 27 66 94 73 82 13 28
66 39 68 12 87 45 84 58 74 54 0 10 36 23 89 49 81 49 96 31 73 85 54 74 18
55 90 71 72 92 67 28 61 23 27 10 0 14 75 80 61 48 75 39 18 25 88 80 97 81
43 21 67 42 38 62 77 27 22 18 36 14 0 34 20 50 18 65 34 62 32 33 94 59 63
36 29 26 58 65 42 62 58 98 65 23 75 34 0 56 76 18 33 43 69 12 56 31 95 23
68 77 64 42 25 50 66 82 47 78 89 80 20 56 0 33 30 59 77 53 87 96 94 45 85
23 41 67 27 12 25 51 18 83 78 49 61 50 76 33 0 62 53 63 58 45 19 10 79 60
94 89 18 57 86 47 53 50 84 92 81 48 18 18 30 62 0 71 30 69 89 41 96 33 98
90 78 62 24 98 42 66 70 11 68 49 75 65 33 59 53 71 0 13 86 85 81 65 17 40
91 47 39 17 76 23 35 57 94 27 96 39 34 43 77 63 30 13 0 75 57 11 67 76 39
18 52 85 38 63 34 92 48 14 66 31 18 62 69 53 58 69 86 75 0 56 34 96 58 57
30 38 31 71 35 36 23 78 71 94 73 25 32 12 87 45 89 85 57 56 0 54 69 76 41
74 77 31 73 53 45 72 78 91 73 85 88 33 56 96 19 41 81 11 34 54 0 24 73 81
62 88 41 64 19 62 18 86 81 82 54 80 94 31 94 10 96 65 67 96 69 24 0 36 15
61 57 62 22 92 86 90 33 43 13 74 97 59 95 45 79 33 17 76 58 76 73 36 0 17
15 78 72 52 63 89 46 39 94 28 18 81 63 23 85 60 98 40 39 57 41 81 15 17 0