20
0 44 96 71 51 22 41 70 82 92 80 27 51 28 39 79 34 43 45 62
44 0 51 22 14 63 83 10 19 64 26 23 58 14 13 93 84 89 68 19
96 51 0 46 44 63 72 21 53 84 59 14 34 90 99 38 54 20 20 17
71 22 46 0 34 26 41 39 80 66 95 49 84 91 63 25 12 72 13 76
51 14 44 34 0 45 97 66 36 48 66 75 71 79 41 57 96 57 16 31
22 63 63 26 45 0 79 26 48 76 77 24 74 89 34 17 16 76 71 90
41 83 72 41 97 79 0 21 19 24 39 52 11 67 20 90 78 16 67 74
70 10 21 39 66 26 21 0 17 22 10 46 47 56 89 76 77 79 91 42
82 19 53 80 36 48 19 17 0 16 35 30 93 76 12 81 78 32 52 23
92 64 84 66 48 76 24 22 16 0 51 38 66 65 39 10 52 53 66 50
80 26 59 95 66 77 39 10 35 51 0 46 43 79 16 27 60 16 76 25
27 23 14 49 75 24 52 46 30 38 46 0 59 40 74 33 17 29 12 55
51 58 34 84 71 74 11 47 93 66 43 59 0 97 60 13 87 14 31 22
28 14 90 91 79 89 67 56 76 65 79 40 97 0 97 27 72 82 22 37
39 13 99 63 41 34 20 89 12 39 16 74 60 97 0 46 95 52 50 62
79 93 38 25 57 17 90 76 81 10 27 33 13 27 46 0 92 55 45 29
34 84 54 12 96 16 78 77 78 52 60 17 87 72 95 92 0 29 67 63
43 89 20 72 57 76 16 79 32 53 16 29 14 82 52 55 29 0 91 50
45 68 20 13 16 71 67 91 52 66 76 12 31 22 50 45 67 91 0 90
62 19 17 76 31 90 74 42 23 50 25 55 22 37 62 29 63 50 90 0