25
0 45 35 52 51 93 25 40 38 48 34 65 37 79 77 31 25 62 12 46 96 79 75 46 69
45 0 68 68 98 15 39 54 13 36 69 88 43 58 67 69 58 87 28 25 91 68 20 25 23
35 68 0 97 97 77 58 58 23 19 79 24 20 27 49 23 31 24 12 32 62 82 31 29 72
52 68 97 0 17 70 33 11 48 66 70 49 33 99 74 69 23 74 55 59 59 27 15 56 50
51 98 97 17 0 79 14 79 10 79 80 29 73 87 27 21 65 17 20 77 41 55 63 16 60
93 15 77 70 79 0 73 79 76 77 56 36 40 53 42 45 78 60 14 93 56 86 99 57 18
25 39 58 33 14 73 0 71 78 93 57 95 34 54 97 88 81 15 73 62 72 23 28 98 26
40 54 58 11 79 79 71 0 45 60 79 13 59 25 53 99 21 83 58 48 68 28 37 65 50
38 13 23 48 10 76 78 45 0 70 54 36 18 12 91 19 34 30 32 81 75 58 59 90 32
48 36 19 66 79 77 93 60 70 0 35 10 28 74 63 63 98 88 39 83 67 37 55 69 26
34 69 79 70 80 56 57 79 54 35 0 10 61 38 57 68 22 77 10 70 28 79 34 76 59
65 88 24 49 29 36 95 13 36 10 10 0 52 41 33 46 39 11 98 59 20 71 29 85 74
37 43 20 33 73 40 34 59 18 28 61 52 0 71 78 51 94 19 78 22 11 71 73 91 43
79 58 27 99 87 53 54 25 12 74 38 41 71 0 87 54 19 21 83 96 97 23 66 25 11
77 67 49 74 27 42 97 53 91 63 57 33 78 87 0 29 86 90 25 20 46 28 20 85 76
31 69 23 69 21 45 88 99 19 63 68 46 51 54 29 0 54 59 83 45 21 93 96 51 26
25 58 31 23 65 78 81 21 34 98 22 39 94 19 86 54 0 92 38 25 46 41 27 50 57
62 87 24 74 17 60 15 83 30 88 77 11 19 21 90 59 92 0 48 93 29 75 75 94 47
12 28 12 55 20 14 73 58 32 39 10 98 78 83 25 83 38 48 0 94 91 16 66 22 60
46 25 32 59 77 93 62 48 81 83 70 59 22 96 20 45 25 93 94 0 41 35 87 47 45
96 91 62 59 41 56 72 68 75 67 28 20 11 97 46 21 46 29 91 41 0 49 91 14 95
79 68 82 27 55 86 23 28 58 37 79 71 71 23 28 93 41 75 16 35 49 0 78 88 52
75 20 31 15 63 99 28 37 59 55 34 29 73 66 20 96 27 75 66 87 91 78 0 70 63
46 25 29 56 16 57 98 65 90 69 76 85 91 25 85 51 50 94 22 47 14 88 70 0 46
69 23 72 50 60 18 26 50 32 26 59 74 43 11 76 26 57 47 60 45 95 52 63 46 0