20
0 43 89 53 75 30 36 58 69 85 39 95 26 77 31 53 51 34 90 64
43 0 89 11 50 69 76 42 96 83 54 62 26 33 38 49 80 11 51 49
89 89 0 63 86 74 41 12 85 80 70 83 81 99 41 70 50 21 72 40
53 11 63 0 64 29 23 51 36 28 74 90 63 50 37 48 41 23 38 83
75 50 86 64 0 23 14 65 37 86 91 78 60 61 32 46 95 59 96 85
30 69 74 29 23 0 62 76 51 75 22 34 47 56 75 23 62 58 78 52
36 76 41 23 14 62 0 32 48 20 69 71 30 52 20 89 98 16 44 54
58 42 12 51 65 76 32 0 78 45 27 62 88 80 25 47 76 22 50 25
69 96 85 36 37 51 48 78 0 33 67 15 85 13 88 38 52 81 19 25
85 83 80 28 86 75 20 45 33 0 88 52 33 80 15 85 69 78 47 29
39 54 70 74 91 22 69 27 67 88 0 45 65 98 79 30 20 40 10 52
95 62 83 90 78 34 71 62 15 52 45 0 50 52 76 63 71 92 90 80
26 26 81 63 60 47 30 88 85 33 65 50 0 31 43 20 31 60 37 63
77 33 99 50 61 56 52 80 13 80 98 52 31 0 71 75 17 34 37 61
31 38 41 37 32 75 20 25 88 15 79 76 43 71 0 84 43 50 99 88
53 49 70 48 46 23 89 47 38 85 30 63 20 75 84 0 62 31 12 56
51 80 50 41 95 62 98 76 52 69 20 71 31 17 43 62 0 15 28 68
34 11 21 23 59 58 16 22 81 78 40 92 60 34 50 31 15 0 28 81
90 51 72 38 96 78 44 50 19 47 10 90 37 37 99 12 28 28 0 74
64 49 40 83 85 52 54 25 25 29 52 80 63 61 88 56 68 81 74 0