25
0 37 50 26 69 45 77 77 69 16 49 41 98 12 96 29 82 78 55 77 99 37 74 23 41
37 0 90 59 33 24 37 21 23 16 33 45 11 57 88 94 67 15 88 75 35 15 66 25 33
50 90 0 85 50 92 38 43 79 75 57 45 90 82 96 83 18 48 52 55 49 33 39 71 78
26 59 85 0 33 59 31 29 22 69 50 13 85 54 16 78 16 33 59 20 67 49 85 51 63
69 33 50 33 0 50 95 18 42 49 22 54 38 66 38 47 40 46 22 71 21 43 67 72 40
45 24 92 59 50 0 47 99 84 84 85 51 57 68 62 28 90 16 44 39 13 11 57 65 93
77 37 38 31 95 47 0 60 27 85 69 16 97 43 78 43 37 42 44 52 66 46 48 55 48
77 21 43 29 18 99 60 0 13 21 42 22 60 56 21 15 51 75 47 54 59 47 94 80 97
69 23 79 22 42 84 27 13 0 85 76 61 71 82 87 61 67 61 41 83 79 94 80 54 18
16 16 75 69 49 84 85 21 85 0 94 64 16 76 40 14 48 29 31 66 64 51 84 13 95
49 33 57 50 22 85 69 42 76 94 0 69 37 69 91 30 28 43 83 43 69 33 90 82 50
41 45 45 13 54 51 16 22 61 64 69 0 51 64 44 43 16 93 26 18 87 99 22 74 32
98 11 90 85 38 57 97 60 71 16 37 51 0 17 83 74 58 24 82 66 82 92 47 32 85
12 57 82 54 66 68 43 56 82 76 69 64 17 0 77 91 41 32 34 87 80 66 52 21 84
96 88 96 16 38 62 78 21 87 40 91 44 83 77 0 36 86 86 76 42 80 95 43 56 43
29 94 83 78 47 28 43 15 61 14 30 43 74 91 36 0 36 82 73 11 50 60 28 63 24
82 67 18 16 40 90 37 51 67 48 28 16 58 41 86 36 0 54 52 70 15 94 83 23 46
78 15 48 33 46 16 42 75 61 29 43 93 24 32 86 82 54 0 74 99 51 61 44 49 67
55 88 52 59 22 44 44 47 41 31 83 26 82 34 76 73 52 74 0 15 68 22 95 23 90
77 75 55 20 71 39 52 54 83 66 43 18 66 87 42 11 70 99 15 0 82 63 78 93 42
99 35 49 67 21 13 66 59 79 64 69 87 82 80 80 50 15 51 68 82 0 62 14 89 98
37 15 33 49 43 11 46 47 94 51 33 99 92 66 95 60 94 61 22 63 62 0 90 42 14
74 66 39 85 67 57 48 94 80 84 90 22 47 52 43 28 83 44 95 78 14 90 0 11 18
23 25 71 51 72 65 55 80 54 13 82 74 32 21 56 63 23 49 23 93 89 42 11 0 25
41 33 78 63 40 93 48 97 18 95 50 32 85 84 43 24 46 67 90 42 98 14 18 25 0