30
0 17 28 76 62 80 32 93 92 57 53 13 49 16 58 93 97 11 64 71 40 66 81 14 99 94 70 20 39 45
17 0 44 61 67 55 83 92 47 14 57 13 76 83 66 61 18 92 73 77 59 72 82 53 18 24 83 18 78 69
28 44 0 19 45 96 87 37 13 51 56 76 54 94 82 18 91 70 97 65 11 57 60 26 56 16 23 96 77 36
76 61 19 0 25 86 79 90 60 36 44 78 68 84 26 48 80 64 77 14 88 56 13 65 48 23 19 23 22 81
62 67 45 25 0 44 54 73 89 51 58 80 91 11 28 31 72 62 64 37 25 41 73 57 25 59 59 21 67 80
80 55 96 86 44 0 19 50 26 99 40 79 81 40 35 49 21 63 29 19 84 26 78 65 17 39 36 56 10 88
32 83 87 79 54 19 0 96 82 24 60 89 62 69 87 79 22 12 21 44 60 44 15 48 27 34 97 37 16 33
93 92 37 90 73 50 96 0 23 87 42 22 49 64 97 15 34 39 52 84 17 57 93 37 54 83 20 47 56 49
92 47 13 60 89 26 82 23 0 70 79 98 72 34 41 21 37 15 58 54 39 73 44 14 52 13 90 75 80 45
57 14 51 36 51 99 24 87 70 0 94 52 14 14 62 79 52 30 53 66 80 82 20 96 41 76 98 69 23 19
53 57 56 44 58 40 60 42 79 94 0 32 72 64 41 16 90 25 43 25 54 26 50 68 90 52 16 22 41 73
13 13 76 78 80 79 89 22 98 52 32 0 56 82 41 36 29 89 79 30 39 51 85 83 23 99 19 77 67 90
49 76 54 68 91 81 62 49 72 14 72 56 0 69 64 36 29 79 45 93 42 85 72 36 41 79 85 22 16 24
16 83 94 84 11 40 69 64 34 14 64 82 69 0 84 75 22 44 57 75 53 72 71 86 68 71 72 59 11 51
58 66 82 26 28 35 87 97 41 62 41 41 64 84 0 43 18 92 52 81 47 47 58 62 22 20 91 10 27 33
93 61 18 48 31 49 79 15 21 79 16 36 36 75 43 0 98 56 31 80 14 50 29 72 48 84 63 26 99 59
97 18 91 80 72 21 22 34 37 52 90 29 29 22 18 98 0 30 79 58 66 71 42 72 28 57 51 58 78 51
11 92 70 64 62 63 12 39 15 30 25 89 79 44 92 56 30 0 87 33 37 24 73 73 89 26 62 36 23 31
64 73 97 77 64 29 21 52 58 53 43 79 45 57 52 31 79 87 0 13 85 28 40 50 21 35 19 23 93 26
71 77 65 14 37 19 44 84 54 66 25 30 93 75 81 80 58 33 13 0 96 12 22 56 37 46 23 14 49 78
40 59 11 88 25 84 60 17 39 80 54 39 42 53 47 14 66 37 85 96 0 13 47 25 42 61 41 89 92 64
66 72 57 56 41 26 44 57 73 82 26 51 85 72 47 50 71 24 28 12 13 0 12 26 97 95 35 76 88 17
81 82 60 13 73 78 15 93 44 20 50 85 72 71 58 29 42 73 40 22 47 12 0 52 73 10 84 81 24 46
14 53 26 65 57 65 48 37 14 96 68 83 36 86 62 72 72 73 50 56 25 26 52 0 63 48 93 58 69 52
99 18 56 48 25 17 27 54 52 41 90 23 41 68 22 48 28 89 21 37 42 97 73 63 0 14 73 10 81 32
94 24 16 23 59 39 34 83 13 76 52 99 79 71 20 84 57 26 35 46 61 95 10 48 14 0 34 82 22 44
70 83 23 19 59 36 97 20 90 98 16 19 85 72 91 63 51 62 19 23 41 35 84 93 73 34 0 79 12 65
20 18 96 23 21 56 37 47 75 69 22 77 22 59 10 26 58 36 23 14 89 76 81 58 10 82 79 0 49 10
39 78 77 22 67 10 16 56 80 23 41 67 16 11 27 99 78 23 93 49 92 88 24 69 81 22 12 49 0 50
45 69 36 81 80 88 33 49 45 19 73 90 24 51 33 59 51 31 26 78 64 17 46 52 32 44 65 10 50 0