15
0 78 40 30 31 49 96 87 74 74 24 90 15 27 13
78 0 45 87 48 53 14 40 84 26 93 37 10 12 84
40 45 0 54 50 63 85 15 82 60 22 80 36 52 30
30 87 54 0 92 16 68 77 72 20 57 77 71 16 52
31 48 50 92 0 23 73 36 10 67 78 17 45 59 12
49 53 63 16 23 0 19 34 77 83 31 59 42 95 86
96 14 85 68 73 19 0 68 65 59 77 73 97 71 91
87 40 15 77 36 34 68 0 42 16 51 80 11 17 40
74 84 82 72 10 77 65 42 0 35 70 44 63 94 18
74 26 60 20 67 83 59 16 35 0 61 50 21 53 49
24 93 22 57 78 31 77 51 70 61 0 43 61 51 35
90 37 80 77 17 59 73 80 44 50 43 0 43 23 30
15 10 36 71 45 42 97 11 63 21 61 43 0 57 20
27 12 52 16 59 95 71 17 94 53 51 23 57 0 93
13 84 30 52 12 86 91 40 18 49 35 30 20 93 0