10
0 94 35 23 55 79 70 32 40 40
94 0 55 96 40 12 19 68 21 90
35 55 0 15 56 89 22 69 21 40
23 96 15 0 53 90 23 96 85 43
55 40 56 53 0 96 12 69 22 53
79 12 89 90 96 0 96 83 29 54
70 19 22 23 12 96 0 67 93 52
32 68 69 96 69 83 67 0 96 58
40 21 21 85 22 29 93 96 0 70
40 90 40 43 53 54 52 58 70 0