25
0 45 66 16 58 81 65 47 39 74 31 63 20 81 95 95 15 73 13 72 21 33 36 82 89
45 0 20 67 31 38 62 70 98 13 89 47 74 12 90 99 36 41 63 28 29 10 88 73 27
66 20 0 80 36 15 69 13 60 25 30 61 66 79 33 40 85 82 88 87 39 78 17 24 42
16 67 80 0 14 43 86 29 62 90 72 42 76 27 35 42 48 35 63 95 94 89 79 21 78
58 31 36 14 0 58 53 73 21 80 53 98 25 44 67 60 42 29 44 57 80 44 81 14 44
81 38 15 43 58 0 34 34 30 44 89 87 73 64 60 79 22 23 46 57 66 62 54 39 43
65 62 69 86 53 34 0 71 46 23 54 84 79 33 98 21 58 96 26 60 50 50 53 41 68
47 70 13 29 73 34 71 0 33 53 76 71 36 29 30 19 44 75 57 96 89 30 31 39 70
39 98 60 62 21 30 46 33 0 19 19 81 32 47 67 19 15 11 78 97 60 65 42 61 75
74 13 25 90 80 44 23 53 19 0 72 61 69 73 91 56 28 34 60 14 44 54 31 29 29
31 89 30 72 53 89 54 76 19 72 0 49 56 14 66 62 29 33 76 36 23 95 71 47 19
63 47 61 42 98 87 84 71 81 61 49 0 80 29 28 41 66 67 11 55 29 23 33 89 64
20 74 66 76 25 73 79 36 32 69 56 80 0 40 38 22 29 11 50 91 82 85 37 25 61
81 12 79 27 44 64 33 29 47 73 14 29 40 0 40 62 45 38 11 41 59 40 74 80 54
95 90 33 35 67 60 98 30 67 91 66 28 38 40 0 85 86 93 48 39 22 60 98 31 99
95 99 40 42 60 79 21 19 19 56 62 41 22 62 85 0 35 34 67 15 90 26 12 11 48
15 36 85 48 42 22 58 44 15 28 29 66 29 45 86 35 0 15 47 51 50 68 72 63 37
73 41 82 35 29 23 96 75 11 34 33 67 11 38 93 34 15 0 65 23 20 88 54 16 25
13 63 88 63 44 46 26 57 78 60 76 11 50 11 48 67 47 65 0 96 56 31 36 10 18
72 28 87 95 57 57 60 96 97 14 36 55 91 41 39 15 51 23 96 0 73 75 18 92 38
21 29 39 94 80 66 50 89 60 44 23 29 82 59 22 90 50 20 56 73 0 28 39 31 44
33 10 78 89 44 62 50 30 65 54 95 23 85 40 60 26 68 88 31 75 28 0 60 28 35
36 88 17 79 81 54 53 31 42 31 71 33 37 74 98 12 72 54 36 18 39 60 0 50 84
82 73 24 21 14 39 41 39 61 29 47 89 25 80 31 11 63 16 10 92 31 28 50 0 39
89 27 42 78 44 43 68 70 75 29 19 64 61 54 99 48 37 25 18 38 44 35 84 39 0