25
0 70 12 77 39 51 93 11 23 25 33 85 79 67 66 95 54 57 99 55 96 75 84 38 55
70 0 79 37 30 24 42 18 21 40 32 89 25 50 93 44 79 71 52 75 87 35 61 52 77
12 79 0 93 41 44 92 58 96 41 24 18 94 60 61 90 40 35 96 73 41 63 19 87 92
77 37 93 0 14 90 68 89 32 99 64 22 49 32 74 84 21 75 84 56 24 16 68 89 90
39 30 41 14 0 53 19 57 68 53 42 63 57 35 90 83 73 62 41 26 36 57 98 57 63
51 24 44 90 53 0 26 29 78 52 63 31 42 25 69 72 93 83 98 44 92 31 23 91 98
93 42 92 68 19 26 0 70 50 28 91 64 81 16 54 33 53 22 21 91 61 70 83 19 54
11 18 58 89 57 29 70 0 37 23 28 97 21 74 42 57 78 22 16 67 76 26 72 92 75
23 21 96 32 68 78 50 37 0 73 76 71 54 90 70 22 40 74 98 62 53 54 83 52 21
25 40 41 99 53 52 28 23 73 0 13 25 25 48 47 14 64 52 15 30 73 46 11 69 71
33 32 24 64 42 63 91 28 76 13 0 17 98 89 72 79 65 96 46 64 84 58 56 60 67
85 89 18 22 63 31 64 97 71 25 17 0 82 64 85 77 97 79 55 79 52 84 44 35 32
79 25 94 49 57 42 81 21 54 25 98 82 0 21 21 76 83 77 34 35 29 96 29 93 56
67 50 60 32 35 25 16 74 90 48 89 64 21 0 79 27 81 10 17 26 29 19 85 64 21
66 93 61 74 90 69 54 42 70 47 72 85 21 79 0 58 21 84 51 31 34 55 60 47 88
95 44 90 84 83 72 33 57 22 14 79 77 76 27 58 0 59 70 39 69 88 74 27 64 75
54 79 40 21 73 93 53 78 40 64 65 97 83 81 21 59 0 94 72 58 98 14 72 26 91
57 71 35 75 62 83 22 22 74 52 96 79 77 10 84 70 94 0 41 82 18 22 25 20 51
99 52 96 84 41 98 21 16 98 15 46 55 34 17 51 39 72 41 0 19 17 24 90 78 93
55 75 73 56 26 44 91 67 62 30 64 79 35 26 31 69 58 82 19 0 61 21 72 89 22
96 87 41 24 36 92 61 76 53 73 84 52 29 29 34 88 98 18 17 61 0 93 72 80 12
75 35 63 16 57 31 70 26 54 46 58 84 96 19 55 74 14 22 24 21 93 0 46 90 48
84 61 19 68 98 23 83 72 83 11 56 44 29 85 60 27 72 25 90 72 72 46 0 85 71
38 52 87 89 57 91 19 92 52 69 60 35 93 64 47 64 26 20 78 89 80 90 85 0 70
55 77 92 90 63 98 54 75 21 71 67 32 56 21 88 75 91 51 93 22 12 48 71 70 0