20
0 81 21 24 44 13 52 18 93 27 38 49 63 40 84 77 41 29 54 46
81 0 67 49 77 17 50 64 21 42 24 57 90 19 76 64 32 88 11 79
21 67 0 98 31 79 88 74 82 72 72 54 57 95 24 44 64 51 94 36
24 49 98 0 55 40 94 67 10 35 22 41 91 15 63 63 52 30 11 77
44 77 31 55 0 91 98 89 95 93 79 28 96 45 41 37 65 24 91 82
13 17 79 40 91 0 89 47 23 56 79 92 96 46 45 35 78 15 56 52
52 50 88 94 98 89 0 13 64 45 70 70 28 67 43 84 98 68 93 12
18 64 74 67 89 47 13 0 42 78 29 77 57 77 59 12 22 77 57 60
93 21 82 10 95 23 64 42 0 62 36 60 61 57 42 52 11 42 67 97
27 42 72 35 93 56 45 78 62 0 94 75 72 22 49 82 47 15 67 67
38 24 72 22 79 79 70 29 36 94 0 75 42 14 85 89 15 79 15 25
49 57 54 41 28 92 70 77 60 75 75 0 83 65 40 46 63 20 98 38
63 90 57 91 96 96 28 57 61 72 42 83 0 60 93 43 86 51 86 74
40 19 95 15 45 46 67 77 57 22 14 65 60 0 20 20 58 56 88 75
84 76 24 63 41 45 43 59 42 49 85 40 93 20 0 21 12 51 82 38
77 64 44 63 37 35 84 12 52 82 89 46 43 20 21 0 42 79 88 15
41 32 64 52 65 78 98 22 11 47 15 63 86 58 12 42 0 48 32 59
29 88 51 30 24 15 68 77 42 15 79 20 51 56 51 79 48 0 51 98
54 11 94 11 91 56 93 57 67 67 15 98 86 88 82 88 32 51 0 77
46 79 36 77 82 52 12 60 97 67 25 38 74 75 38 15 59 98 77 0