25
0 84 83 89 33 66 37 80 46 84 89 34 42 69 66 79 40 32 81 35 36 59 43 71 71
84 0 98 53 59 88 51 13 37 28 19 98 33 44 17 49 49 55 77 65 11 61 11 21 57
83 98 0 87 92 91 11 34 87 45 16 74 94 23 31 46 92 81 51 97 18 57 27 49 74
89 53 87 0 28 90 94 32 47 44 84 93 16 50 41 64 91 70 69 63 39 98 54 25 13
33 59 92 28 0 33 30 89 62 18 99 89 95 67 53 62 33 23 25 16 77 68 97 67 95
66 88 91 90 33 0 44 37 11 67 84 83 61 43 38 85 75 56 71 39 66 77 36 92 94
37 51 11 94 30 44 0 23 87 82 65 87 12 44 62 81 49 39 96 27 20 32 22 88 46
80 13 34 32 89 37 23 0 46 62 56 58 85 32 59 82 69 20 16 74 68 81 40 47 89
46 37 87 47 62 11 87 46 0 99 86 59 37 27 87 11 86 69 77 97 39 72 14 77 26
84 28 45 44 18 67 82 62 99 0 25 11 85 48 54 53 40 62 25 12 53 55 86 40 69
89 19 16 84 99 84 65 56 86 25 0 40 44 89 84 19 37 81 26 99 51 60 96 16 63
34 98 74 93 89 83 87 58 59 11 40 0 68 69 92 53 37 30 97 92 32 82 74 95 41
42 33 94 16 95 61 12 85 37 85 44 68 0 89 85 21 94 38 94 87 73 92 41 18 64
69 44 23 50 67 43 44 32 27 48 89 69 89 0 88 26 80 87 36 12 60 69 31 47 90
66 17 31 41 53 38 62 59 87 54 84 92 85 88 0 38 80 24 41 50 97 21 65 16 77
79 49 46 64 62 85 81 82 11 53 19 53 21 26 38 0 16 39 13 77 37 97 73 40 13
40 49 92 91 33 75 49 69 86 40 37 37 94 80 80 16 0 55 23 78 82 84 42 73 64
32 55 81 70 23 56 39 20 69 62 81 30 38 87 24 39 55 0 65 37 30 97 18 83 19
81 77 51 69 25 71 96 16 77 25 26 97 94 36 41 13 23 65 0 49 83 67 66 49 19
35 65 97 63 16 39 27 74 97 12 99 92 87 12 50 77 78 37 49 0 79 83 76 89 47
36 11 18 39 77 66 20 68 39 53 51 32 73 60 97 37 82 30 83 79 0 18 84 12 93
59 61 57 98 68 77 32 81 72 55 60 82 92 69 21 97 84 97 67 83 18 0 13 47 22
43 11 27 54 97 36 22 40 14 86 96 74 41 31 65 73 42 18 66 76 84 13 0 28 27
71 21 49 25 67 92 88 47 77 40 16 95 18 47 16 40 73 83 49 89 12 47 28 0 60
71 57 74 13 95 94 46 89 26 69 63 41 64 90 77 13 64 19 19 47 93 22 27 60 0