25
0 40 23 35 70 86 24 40 61 40 94 33 89 26 79 27 28 97 36 52 95 15 98 66 81
40 0 95 30 79 41 21 48 11 37 47 38 92 88 11 97 74 26 78 37 46 22 38 94 86
23 95 0 23 50 57 37 23 74 84 18 36 18 30 40 85 97 99 35 86 45 12 24 23 34
35 30 23 0 15 72 31 17 83 36 86 23 99 48 24 59 42 69 64 74 52 66 60 57 64
70 79 50 15 0 70 49 86 97 14 71 30 41 21 27 37 95 42 41 45 38 28 67 97 37
86 41 57 72 70 0 62 68 65 62 75 68 31 16 59 65 36 88 81 91 67 31 37 98 10
24 21 37 31 49 62 0 43 14 42 89 64 34 66 88 99 83 31 99 22 45 58 54 72 65
40 48 23 17 86 68 43 0 55 46 10 43 22 93 28 43 79 44 58 87 58 30 65 20 98
61 11 74 83 97 65 14 55 0 37 42 94 49 96 23 15 73 29 75 26 51 64 31 80 18
40 37 84 36 14 62 42 46 37 0 21 44 28 33 25 53 44 58 65 51 98 97 65 29 63
94 47 18 86 71 75 89 10 42 21 0 50 54 87 99 87 70 14 27 11 89 40 20 77 68
33 38 36 23 30 68 64 43 94 44 50 0 25 42 79 13 89 60 58 13 75 76 16 96 11
89 92 18 99 41 31 34 22 49 28 54 25 0 87 45 48 52 58 70 60 80 87 78 88 26
26 88 30 48 21 16 66 93 96 33 87 42 87 0 55 68 81 90 58 93 95 76 75 22 20
79 11 40 24 27 59 88 28 23 25 99 79 45 55 0 41 77 10 83 68 47 18 15 59 80
27 97 85 59 37 65 99 43 15 53 87 13 48 68 41 0 71 32 15 88 55 86 89 49 86
28 74 97 42 95 36 83 79 73 44 70 89 52 81 77 71 0 74 58 47 63 67 70 57 98
97 26 99 69 42 88 31 44 29 58 14 60 58 90 10 32 74 0 43 16 90 46 34 11 30
36 78 35 64 41 81 99 58 75 65 27 58 70 58 83 15 58 43 0 80 32 16 68 91 85
52 37 86 74 45 91 22 87 26 51 11 13 60 93 68 88 47 16 80 0 82 23 43 38 31
95 46 45 52 38 67 45 58 51 98 89 75 80 95 47 55 63 90 32 82 0 89 42 50 30
15 22 12 66 28 31 58 30 64 97 40 76 87 76 18 86 67 46 16 23 89 0 99 92 97
98 38 24 60 67 37 54 65 31 65 20 16 78 75 15 89 70 34 68 43 42 99 0 51 84
66 94 23 57 97 98 72 20 80 29 77 96 88 22 59 49 57 11 91 38 50 92 51 0 32
81 86 34 64 37 10 65 98 18 63 68 11 26 20 80 86 98 30 85 31 30 97 84 32 0