20
0 53 29 79 78 73 86 44 85 28 53 36 80 51 96 26 80 62 70 36
53 0 11 79 85 19 86 21 75 84 40 80 19 49 71 71 73 70 37 22
29 11 0 50 78 59 54 79 62 36 89 81 23 65 77 14 66 80 99 49
79 79 50 0 25 26 91 73 26 66 59 59 23 28 85 58 48 53 82 31
78 85 78 25 0 24 75 84 51 14 18 16 53 57 52 48 44 46 62 87
73 19 59 26 24 0 31 87 86 77 98 89 95 42 11 85 83 50 79 17
86 86 54 91 75 31 0 71 29 38 39 61 82 67 97 17 42 41 93 97
44 21 79 73 84 87 71 0 35 12 29 80 65 56 15 63 32 93 22 91
85 75 62 26 51 86 29 35 0 33 94 43 75 69 68 20 49 46 73 29
28 84 36 66 14 77 38 12 33 0 89 39 52 91 42 90 54 73 67 31
53 40 89 59 18 98 39 29 94 89 0 30 94 62 41 42 96 27 32 48
36 80 81 59 16 89 61 80 43 39 30 0 69 42 87 70 12 70 40 74
80 19 23 23 53 95 82 65 75 52 94 69 0 74 31 90 58 25 96 92
51 49 65 28 57 42 67 56 69 91 62 42 74 0 45 44 69 58 95 58
96 71 77 85 52 11 97 15 68 42 41 87 31 45 0 95 36 39 29 89
26 71 14 58 48 85 17 63 20 90 42 70 90 44 95 0 41 27 13 78
80 73 66 48 44 83 42 32 49 54 96 12 58 69 36 41 0 44 79 98
62 70 80 53 46 50 41 93 46 73 27 70 25 58 39 27 44 0 43 26
70 37 99 82 62 79 93 22 73 67 32 40 96 95 29 13 79 43 0 28
36 22 49 31 87 17 97 91 29 31 48 74 92 58 89 78 98 26 28 0