30
0 81 17 67 87 29 84 33 14 98 86 63 93 65 52 76 62 89 79 88 74 33 10 96 17 98 43 91 53 61
81 0 61 29 70 45 76 50 16 37 50 25 53 14 54 78 47 42 78 89 46 96 42 76 21 63 24 46 74 64
17 61 0 90 47 12 74 83 55 25 59 16 12 48 41 62 79 17 83 56 63 23 92 96 33 55 47 13 63 89
67 29 90 0 20 67 90 52 92 96 64 90 75 22 62 93 52 38 44 45 88 93 39 17 22 41 21 57 29 49
87 70 47 20 0 34 50 96 91 79 93 12 98 68 91 71 38 53 95 29 54 89 63 96 64 15 10 18 79 16
29 45 12 67 34 0 21 53 23 94 13 37 36 22 79 20 87 62 19 51 89 81 48 97 14 51 27 78 61 98
84 76 74 90 50 21 0 59 78 67 31 20 35 94 22 46 36 40 17 15 98 37 56 99 32 50 82 42 42 43
33 50 83 52 96 53 59 0 13 97 50 82 80 54 28 45 34 32 45 69 79 66 40 88 26 98 20 42 51 23
14 16 55 92 91 23 78 13 0 60 68 79 85 46 10 36 19 98 39 79 77 73 69 97 79 89 42 25 46 84
98 37 25 96 79 94 67 97 60 0 57 99 98 46 47 94 36 22 25 45 30 30 80 32 59 55 64 30 35 54
86 50 59 64 93 13 31 50 68 57 0 15 15 74 69 31 34 53 82 89 17 14 72 31 78 63 58 55 55 58
63 25 16 90 12 37 20 82 79 99 15 0 81 29 54 75 28 19 48 81 76 89 71 86 40 34 35 48 89 39
93 53 12 75 98 36 35 80 85 98 15 81 0 97 83 17 77 58 65 72 12 52 79 53 71 54 60 54 36 18
65 14 48 22 68 22 94 54 46 46 74 29 97 0 77 22 10 51 24 56 45 23 61 44 57 43 15 12 69 75
52 54 41 62 91 79 22 28 10 47 69 54 83 77 0 51 35 32 29 70 50 34 43 61 57 33 70 83 13 54
76 78 62 93 71 20 46 45 36 94 31 75 17 22 51 0 53 31 59 71 58 73 57 12 14 52 93 41 85 97
62 47 79 52 38 87 36 34 19 36 34 28 77 10 35 53 0 53 26 52 37 92 74 36 77 76 69 11 17 84
89 42 17 38 53 62 40 32 98 22 53 19 58 51 32 31 53 0 24 79 25 68 89 56 34 71 28 42 32 59
79 78 83 44 95 19 17 45 39 25 82 48 65 24 29 59 26 24 0 42 14 21 32 95 94 77 10 70 49 98
88 89 56 45 29 51 15 69 79 45 89 81 72 56 70 71 52 79 42 0 95 82 89 88 17 31 13 55 34 21
74 46 63 88 54 89 98 79 77 30 17 76 12 45 50 58 37 25 14 95 0 55 28 85 42 94 16 13 50 49
33 96 23 93 89 81 37 66 73 30 14 89 52 23 34 73 92 68 21 82 55 0 40 27 58 19 59 51 12 73
10 42 92 39 63 48 56 40 69 80 72 71 79 61 43 57 74 89 32 89 28 40 0 22 90 32 89 85 32 89
96 76 96 17 96 97 99 88 97 32 31 86 53 44 61 12 36 56 95 88 85 27 22 0 38 32 92 29 64 88
17 21 33 22 64 14 32 26 79 59 78 40 71 57 57 14 77 34 94 17 42 58 90 38 0 30 14 38 91 29
98 63 55 41 15 51 50 98 89 55 63 34 54 43 33 52 76 71 77 31 94 19 32 32 30 0 44 28 92 99
43 24 47 21 10 27 82 20 42 64 58 35 60 15 70 93 69 28 10 13 16 59 89 92 14 44 0 80 83 39
91 46 13 57 18 78 42 42 25 30 55 48 54 12 83 41 11 42 70 55 13 51 85 29 38 28 80 0 44 80
53 74 63 29 79 61 42 51 46 35 55 89 36 69 13 85 17 32 49 34 50 12 32 64 91 92 83 44 0 32
61 64 89 49 16 98 43 23 84 54 58 39 18 75 54 97 84 59 98 21 49 73 89 88 29 99 39 80 32 0