20
0 70 16 66 56 11 54 85 47 17 53 39 46 90 78 88 80 17 43 68
70 0 28 50 76 18 85 89 89 65 33 58 50 16 52 89 48 33 60 22
16 28 0 75 38 19 76 60 28 28 75 74 66 12 77 88 44 31 54 63
66 50 75 0 21 49 19 89 16 78 40 83 31 36 11 78 19 51 80 72
56 76 38 21 0 85 97 56 49 20 86 29 98 43 90 41 67 88 65 53
11 18 19 49 85 0 18 86 46 15 24 90 97 80 90 39 72 94 43 66
54 85 76 19 97 18 0 32 83 11 62 34 46 12 37 11 61 48 29 42
85 89 60 89 56 86 32 0 39 69 80 95 38 88 57 70 52 94 10 36
47 89 28 16 49 46 83 39 0 23 75 60 51 96 75 77 27 67 13 71
17 65 28 78 20 15 11 69 23 0 89 82 58 95 61 91 63 53 56 57
53 33 75 40 86 24 62 80 75 89 0 52 14 16 34 60 72 20 49 89
39 58 74 83 29 90 34 95 60 82 52 0 85 26 50 17 34 63 72 83
46 50 66 31 98 97 46 38 51 58 14 85 0 31 96 29 23 54 45 92
90 16 12 36 43 80 12 88 96 95 16 26 31 0 21 78 42 66 92 46
78 52 77 11 90 90 37 57 75 61 34 50 96 21 0 69 73 71 77 52
88 89 88 78 41 39 11 70 77 91 60 17 29 78 69 0 93 51 64 75
80 48 44 19 67 72 61 52 27 63 72 34 23 42 73 93 0 76 12 75
17 33 31 51 88 94 48 94 67 53 20 63 54 66 71 51 76 0 28 38
43 60 54 80 65 43 29 10 13 56 49 72 45 92 77 64 12 28 0 18
68 22 63 72 53 66 42 36 71 57 89 83 92 46 52 75 75 38 18 0