30
0 51 17 47 85 93 60 55 17 82 81 69 23 58 44 90 76 33 97 29 67 28 97 36 33 61 36 18 52 69
51 0 21 38 50 81 95 15 80 85 99 88 59 13 27 27 19 48 50 73 60 72 38 57 54 73 87 89 20 12
17 21 0 65 98 63 45 26 71 52 24 73 19 87 97 20 99 28 69 72 79 50 97 86 97 83 58 10 88 93
47 38 65 0 67 86 81 90 37 49 48 21 26 89 95 18 69 37 27 23 60 35 10 18 88 75 82 70 93 89
85 50 98 67 0 11 45 95 57 21 56 28 43 48 33 80 28 69 72 80 63 68 60 70 59 93 87 12 37 59
93 81 63 86 11 0 30 61 83 21 90 58 79 88 75 78 64 59 63 79 78 50 28 85 53 42 92 99 55 10
60 95 45 81 45 30 0 11 42 71 39 17 92 61 36 58 90 82 37 21 73 23 71 92 25 50 71 70 63 84
55 15 26 90 95 61 11 0 30 25 92 55 21 18 65 13 97 65 33 75 76 93 41 41 81 78 43 63 50 28
17 80 71 37 57 83 42 30 0 42 73 87 98 39 51 95 86 85 33 30 27 95 36 53 20 90 50 41 40 76
82 85 52 49 21 21 71 25 42 0 32 15 49 16 94 11 62 76 12 67 57 20 58 42 14 99 72 49 86 96
81 99 24 48 56 90 39 92 73 32 0 25 33 95 99 50 30 41 91 82 61 53 21 80 26 87 11 59 60 74
69 88 73 21 28 58 17 55 87 15 25 0 74 97 33 87 32 21 28 90 74 52 94 36 25 25 40 69 17 13
23 59 19 26 43 79 92 21 98 49 33 74 0 24 21 50 47 82 67 96 25 85 61 68 83 59 93 77 45 75
58 13 87 89 48 88 61 18 39 16 95 97 24 0 14 73 55 69 53 89 77 18 49 85 85 57 99 24 27 82
44 27 97 95 33 75 36 65 51 94 99 33 21 14 0 99 44 61 96 32 43 87 94 56 92 39 44 85 71 39
90 27 20 18 80 78 58 13 95 11 50 87 50 73 99 0 21 65 31 15 50 21 65 62 42 80 60 16 25 72
76 19 99 69 28 64 90 97 86 62 30 32 47 55 44 21 0 49 27 16 48 77 46 17 78 16 51 97 77 65
33 48 28 37 69 59 82 65 85 76 41 21 82 69 61 65 49 0 69 83 92 60 64 50 38 73 72 97 97 36
97 50 69 27 72 63 37 33 33 12 91 28 67 53 96 31 27 69 0 67 48 62 76 73 24 72 21 13 24 47
29 73 72 23 80 79 21 75 30 67 82 90 96 89 32 15 16 83 67 0 78 90 78 70 15 77 54 72 72 49
67 60 79 60 63 78 73 76 27 57 61 74 25 77 43 50 48 92 48 78 0 90 57 80 37 51 28 61 60 32
28 72 50 35 68 50 23 93 95 20 53 52 85 18 87 21 77 60 62 90 90 0 68 45 87 70 45 39 86 80
97 38 97 10 60 28 71 41 36 58 21 94 61 49 94 65 46 64 76 78 57 68 0 91 28 44 23 38 71 68
36 57 86 18 70 85 92 41 53 42 80 36 68 85 56 62 17 50 73 70 80 45 91 0 20 67 54 21 77 44
33 54 97 88 59 53 25 81 20 14 26 25 83 85 92 42 78 38 24 15 37 87 28 20 0 81 54 65 49 65
61 73 83 75 93 42 50 78 90 99 87 25 59 57 39 80 16 73 72 77 51 70 44 67 81 0 78 76 20 67
36 87 58 82 87 92 71 43 50 72 11 40 93 99 44 60 51 72 21 54 28 45 23 54 54 78 0 43 12 26
18 89 10 70 12 99 70 63 41 49 59 69 77 24 85 16 97 97 13 72 61 39 38 21 65 76 43 0 35 48
52 20 88 93 37 55 63 50 40 86 60 17 45 27 71 25 77 97 24 72 60 86 71 77 49 20 12 35 0 92
69 12 93 89 59 10 84 28 76 96 74 13 75 82 39 72 65 36 47 49 32 80 68 44 65 67 26 48 92 0