10
0 95 83 33 35 57 16 13 82 89
95 0 85 27 35 85 84 52 62 50
83 85 0 14 73 86 50 97 57 82
33 27 14 0 34 67 71 52 38 47
35 35 73 34 0 51 29 77 89 62
57 85 86 67 51 0 10 19 38 19
16 84 50 71 29 10 0 23 67 91
13 52 97 52 77 19 23 0 18 44
82 62 57 38 89 38 67 18 0 39
89 50 82 47 62 19 91 44 39 0