30
0 53 43 79 84 47 77 92 89 15 42 22 78 62 69 52 52 22 79 75 78 58 11 48 37 98 11 56 70 77
53 0 91 27 42 45 69 52 69 40 12 43 11 31 53 40 83 49 44 52 21 28 19 59 42 79 30 27 18 99
43 91 0 28 57 56 62 82 43 16 45 52 69 59 70 14 39 68 70 88 22 55 90 55 24 47 69 29 65 68
79 27 28 0 15 22 19 75 67 16 72 55 11 44 18 12 59 54 80 73 16 83 43 23 59 13 89 96 83 37
84 42 57 15 0 48 51 51 18 18 26 77 57 60 88 68 53 74 28 33 67 70 15 71 29 20 28 82 21 82
47 45 56 22 48 0 91 26 13 46 62 61 59 66 21 72 58 19 38 22 63 93 91 38 57 55 46 50 93 30
77 69 62 19 51 91 0 90 75 84 96 33 24 37 14 80 72 87 66 22 29 23 36 28 18 70 74 29 69 19
92 52 82 75 51 26 90 0 39 98 76 52 78 19 81 82 94 44 32 16 45 75 91 24 24 53 37 28 30 57
89 69 43 67 18 13 75 39 0 65 30 16 20 65 22 62 92 10 83 97 74 29 65 91 88 20 89 19 38 95
15 40 16 16 18 46 84 98 65 0 63 44 85 14 95 84 34 78 72 17 91 61 80 73 29 22 41 97 98 84
42 12 45 72 26 62 96 76 30 63 0 12 83 42 83 23 69 38 31 33 39 92 63 79 40 55 11 71 10 79
22 43 52 55 77 61 33 52 16 44 12 0 13 93 94 36 57 91 61 86 81 72 62 70 64 86 14 59 67 30
78 11 69 11 57 59 24 78 20 85 83 13 0 74 22 61 67 18 88 85 83 34 81 93 98 96 52 41 63 30
62 31 59 44 60 66 37 19 65 14 42 93 74 0 46 68 60 91 51 30 93 57 23 78 64 90 38 79 58 14
69 53 70 18 88 21 14 81 22 95 83 94 22 46 0 56 58 99 92 85 82 61 55 62 59 87 54 67 10 35
52 40 14 12 68 72 80 82 62 84 23 36 61 68 56 0 14 79 76 70 86 49 96 80 30 26 76 86 93 12
52 83 39 59 53 58 72 94 92 34 69 57 67 60 58 14 0 78 29 16 49 94 54 52 96 30 42 75 85 67
22 49 68 54 74 19 87 44 10 78 38 91 18 91 99 79 78 0 64 47 42 23 79 44 99 46 64 60 70 56
79 44 70 80 28 38 66 32 83 72 31 61 88 51 92 76 29 64 0 62 68 97 10 54 24 18 19 58 93 81
75 52 88 73 33 22 22 16 97 17 33 86 85 30 85 70 16 47 62 0 17 90 38 74 16 51 44 89 78 53
78 21 22 16 67 63 29 45 74 91 39 81 83 93 82 86 49 42 68 17 0 10 38 94 21 16 40 78 11 19
58 28 55 83 70 93 23 75 29 61 92 72 34 57 61 49 94 23 97 90 10 0 57 25 46 19 81 31 24 15
11 19 90 43 15 91 36 91 65 80 63 62 81 23 55 96 54 79 10 38 38 57 0 16 14 27 11 34 68 14
48 59 55 23 71 38 28 24 91 73 79 70 93 78 62 80 52 44 54 74 94 25 16 0 78 48 84 95 47 98
37 42 24 59 29 57 18 24 88 29 40 64 98 64 59 30 96 99 24 16 21 46 14 78 0 69 72 74 61 53
98 79 47 13 20 55 70 53 20 22 55 86 96 90 87 26 30 46 18 51 16 19 27 48 69 0 37 85 14 51
11 30 69 89 28 46 74 37 89 41 11 14 52 38 54 76 42 64 19 44 40 81 11 84 72 37 0 45 46 56
56 27 29 96 82 50 29 28 19 97 71 59 41 79 67 86 75 60 58 89 78 31 34 95 74 85 45 0 46 71
70 18 65 83 21 93 69 30 38 98 10 67 63 58 10 93 85 70 93 78 11 24 68 47 61 14 46 46 0 20
77 99 68 37 82 30 19 57 95 84 79 30 30 14 35 12 67 56 81 53 19 15 14 98 53 51 56 71 20 0