10
0 86 36 95 10 55 56 21 92 26
86 0 29 24 15 13 15 22 22 46
36 29 0 63 88 55 70 27 90 12
95 24 63 0 74 54 57 29 53 94
10 15 88 74 0 65 49 80 91 76
55 13 55 54 65 0 41 77 64 87
56 15 70 57 49 41 0 11 12 42
21 22 27 29 80 77 11 0 23 90
92 22 90 53 91 64 12 23 0 66
26 46 12 94 76 87 42 90 66 0