20
0 83 83 30 97 56 17 38 48 28 50 35 58 52 90 20 42 35 70 71
83 0 24 56 26 49 71 91 57 41 70 11 72 53 62 88 96 53 59 29
83 24 0 56 28 84 41 11 86 35 34 95 80 23 10 95 93 41 92 92
30 56 56 0 82 91 12 63 66 32 32 73 52 71 99 86 44 13 81 21
97 26 28 82 0 74 74 27 74 88 45 56 85 90 93 50 21 74 16 82
56 49 84 91 74 0 94 81 53 39 20 49 50 77 41 12 15 98 61 46
17 71 41 12 74 94 0 69 60 96 15 29 64 13 91 24 91 58 40 80
38 91 11 63 27 81 69 0 87 51 91 24 47 93 52 27 96 27 55 63
48 57 86 66 74 53 60 87 0 77 19 12 79 96 43 16 56 90 82 76
28 41 35 32 88 39 96 51 77 0 72 50 40 79 95 22 36 76 46 57
50 70 34 32 45 20 15 91 19 72 0 81 12 14 60 52 59 67 63 32
35 11 95 73 56 49 29 24 12 50 81 0 96 13 59 19 38 13 91 91
58 72 80 52 85 50 64 47 79 40 12 96 0 39 57 64 64 71 18 21
52 53 23 71 90 77 13 93 96 79 14 13 39 0 11 53 52 79 13 61
90 62 10 99 93 41 91 52 43 95 60 59 57 11 0 21 34 66 45 44
20 88 95 86 50 12 24 27 16 22 52 19 64 53 21 0 82 94 75 40
42 96 93 44 21 15 91 96 56 36 59 38 64 52 34 82 0 61 83 45
35 53 41 13 74 98 58 27 90 76 67 13 71 79 66 94 61 0 54 88
70 59 92 81 16 61 40 55 82 46 63 91 18 13 45 75 83 54 0 13
71 29 92 21 82 46 80 63 76 57 32 91 21 61 44 40 45 88 13 0