30
0 88 69 90 95 43 10 17 74 17 45 30 59 95 30 73 99 71 93 70 88 60 36 80 52 97 65 43 28 56
88 0 81 60 84 94 82 93 28 42 52 39 64 19 86 58 32 74 78 36 21 38 34 94 35 54 59 87 70 99
69 81 0 87 42 59 40 53 82 71 37 58 29 13 53 97 70 27 48 29 31 56 47 17 20 15 86 94 85 28
90 60 87 0 43 52 96 67 62 56 90 35 82 29 80 41 42 77 21 55 56 12 43 90 54 84 71 69 94 82
95 84 42 43 0 59 96 29 84 53 32 45 31 41 19 62 52 69 43 75 70 32 34 36 73 52 94 47 64 62
43 94 59 52 59 0 73 67 75 51 54 94 25 39 45 45 93 88 83 82 92 77 28 58 79 77 23 37 35 49
10 82 40 96 96 73 0 51 13 27 24 61 89 56 23 25 98 23 98 85 21 20 26 60 77 42 67 71 52 48
17 93 53 67 29 67 51 0 94 45 65 11 17 43 28 63 59 95 47 84 65 98 15 52 50 93 62 35 67 77
74 28 82 62 84 75 13 94 0 95 12 59 56 17 15 90 68 70 72 31 39 53 68 52 25 11 18 24 34 34
17 42 71 56 53 51 27 45 95 0 70 39 83 46 36 25 19 52 51 33 90 38 28 60 73 66 79 63 29 34
45 52 37 90 32 54 24 65 12 70 0 86 97 38 75 12 85 34 45 48 45 96 41 92 92 82 33 19 17 39
30 39 58 35 45 94 61 11 59 39 86 0 10 11 16 50 85 80 47 30 60 84 50 54 88 13 24 92 43 11
59 64 29 82 31 25 89 17 56 83 97 10 0 78 47 70 55 59 91 39 15 22 33 69 61 25 80 14 25 89
95 19 13 29 41 39 56 43 17 46 38 11 78 0 61 76 10 40 70 27 92 51 46 25 45 88 85 98 77 58
30 86 53 80 19 45 23 28 15 36 75 16 47 61 0 91 92 59 80 30 34 13 40 40 45 85 54 80 59 93
73 58 97 41 62 45 25 63 90 25 12 50 70 76 91 0 85 43 39 66 38 29 80 15 41 74 35 62 55 60
99 32 70 42 52 93 98 59 68 19 85 85 55 10 92 85 0 59 79 52 60 36 64 65 42 80 12 13 79 35
71 74 27 77 69 88 23 95 70 52 34 80 59 40 59 43 59 0 91 15 25 60 33 90 30 39 41 31 70 86
93 78 48 21 43 83 98 47 72 51 45 47 91 70 80 39 79 91 0 49 94 21 96 72 88 22 83 72 12 30
70 36 29 55 75 82 85 84 31 33 48 30 39 27 30 66 52 15 49 0 31 38 41 66 72 26 22 70 15 40
88 21 31 56 70 92 21 65 39 90 45 60 15 92 34 38 60 25 94 31 0 23 55 62 65 91 33 59 89 79
60 38 56 12 32 77 20 98 53 38 96 84 22 51 13 29 36 60 21 38 23 0 74 40 79 37 98 14 85 71
36 34 47 43 34 28 26 15 68 28 41 50 33 46 40 80 64 33 96 41 55 74 0 90 14 78 90 86 16 56
80 94 17 90 36 58 60 52 52 60 92 54 69 25 40 15 65 90 72 66 62 40 90 0 56 10 20 97 41 91
52 35 20 54 73 79 77 50 25 73 92 88 61 45 45 41 42 30 88 72 65 79 14 56 0 19 98 24 19 79
97 54 15 84 52 77 42 93 11 66 82 13 25 88 85 74 80 39 22 26 91 37 78 10 19 0 79 46 22 93
65 59 86 71 94 23 67 62 18 79 33 24 80 85 54 35 12 41 83 22 33 98 90 20 98 79 0 86 51 39
43 87 94 69 47 37 71 35 24 63 19 92 14 98 80 62 13 31 72 70 59 14 86 97 24 46 86 0 46 28
28 70 85 94 64 35 52 67 34 29 17 43 25 77 59 55 79 70 12 15 89 85 16 41 19 22 51 46 0 42
56 99 28 82 62 49 48 77 34 34 39 11 89 58 93 60 35 86 30 40 79 71 56 91 79 93 39 28 42 0