15
0 78 59 39 29 47 31 48 22 80 28 21 10 52 68
78 0 38 31 26 75 23 96 46 89 73 85 65 35 18
59 38 0 42 28 45 63 32 40 18 86 47 68 80 12
39 31 42 0 51 31 77 55 55 59 79 92 96 91 30
29 26 28 51 0 68 30 24 69 75 36 96 40 32 95
47 75 45 31 68 0 99 74 73 37 22 39 60 39 91
31 23 63 77 30 99 0 44 89 35 63 74 88 92 35
48 96 32 55 24 74 44 0 97 77 56 21 21 10 69
22 46 40 55 69 73 89 97 0 65 30 66 62 14 96
80 89 18 59 75 37 35 77 65 0 15 22 41 90 72
28 73 86 79 36 22 63 56 30 15 0 99 37 11 17
21 85 47 92 96 39 74 21 66 22 99 0 78 21 68
10 65 68 96 40 60 88 21 62 41 37 78 0 37 77
52 35 80 91 32 39 92 10 14 90 11 21 37 0 91
68 18 12 30 95 91 35 69 96 72 17 68 77 91 0