20
0 72 53 82 47 77 73 10 76 14 50 18 90 30 84 81 53 87 17 60
72 0 51 93 82 78 24 26 22 57 89 67 55 62 24 70 88 33 56 87
53 51 0 31 78 43 66 44 49 17 21 26 81 37 18 64 74 24 26 78
82 93 31 0 95 77 59 80 34 57 51 92 67 85 88 26 64 33 95 15
47 82 78 95 0 27 92 40 32 92 33 62 29 21 38 45 10 24 82 90
77 78 43 77 27 0 10 97 19 44 50 93 69 70 76 83 91 17 20 92
73 24 66 59 92 10 0 57 52 60 98 26 35 43 99 92 33 52 75 11
10 26 44 80 40 97 57 0 79 58 10 47 18 85 29 28 57 46 70 43
76 22 49 34 32 19 52 79 0 29 94 87 11 23 36 52 69 47 74 74
14 57 17 57 92 44 60 58 29 0 86 80 24 43 39 87 75 48 40 22
50 89 21 51 33 50 98 10 94 86 0 12 93 53 78 24 46 92 81 69
18 67 26 92 62 93 26 47 87 80 12 0 38 42 60 73 10 14 93 19
90 55 81 67 29 69 35 18 11 24 93 38 0 47 47 36 46 92 37 87
30 62 37 85 21 70 43 85 23 43 53 42 47 0 90 45 27 28 13 48
84 24 18 88 38 76 99 29 36 39 78 60 47 90 0 46 33 33 91 57
81 70 64 26 45 83 92 28 52 87 24 73 36 45 46 0 36 67 29 56
53 88 74 64 10 91 33 57 69 75 46 10 46 27 33 36 0 29 28 63
87 33 24 33 24 17 52 46 47 48 92 14 92 28 33 67 29 0 25 14
17 56 26 95 82 20 75 70 74 40 81 93 37 13 91 29 28 25 0 58
60 87 78 15 90 92 11 43 74 22 69 19 87 48 57 56 63 14 58 0