30
0 66 37 35 65 59 43 40 81 17 34 67 57 76 48 53 51 52 42 47 27 49 46 21 88 15 56 49 46 62
66 0 44 71 49 54 25 23 82 35 47 10 16 49 45 69 85 32 87 74 53 53 40 88 30 36 96 72 91 56
37 44 0 27 55 34 22 96 10 29 84 74 61 36 19 50 21 61 12 45 84 60 93 90 20 51 58 49 18 17
35 71 27 0 78 75 92 44 15 66 94 51 96 52 82 70 13 49 93 85 10 97 53 83 45 22 16 63 47 37
65 49 55 78 0 62 93 25 84 44 32 21 83 79 97 72 63 72 95 71 64 65 42 15 68 74 94 20 16 38
59 54 34 75 62 0 65 37 41 39 16 74 26 95 39 47 11 92 15 41 25 13 52 16 22 89 96 91 32 50
43 25 22 92 93 65 0 58 43 91 76 82 23 63 39 99 66 30 79 64 80 46 92 97 82 87 44 28 21 21
40 23 96 44 25 37 58 0 97 22 88 27 36 12 40 92 34 45 21 82 57 39 82 93 45 90 13 46 18 79
81 82 10 15 84 41 43 97 0 70 73 74 68 24 50 57 70 22 21 74 84 73 51 53 97 60 25 38 77 72
17 35 29 66 44 39 91 22 70 0 40 50 41 11 94 40 31 24 69 78 70 34 72 52 67 93 25 61 60 98
34 47 84 94 32 16 76 88 73 40 0 70 43 85 41 40 50 54 22 47 13 67 36 18 89 77 72 25 15 65
67 10 74 51 21 74 82 27 74 50 70 0 52 44 54 32 44 39 12 15 58 45 92 67 15 11 49 75 46 75
57 16 61 96 83 26 23 36 68 41 43 52 0 59 35 92 35 42 28 37 68 54 26 61 72 38 18 65 91 75
76 49 36 52 79 95 63 12 24 11 85 44 59 0 98 51 58 37 49 43 51 68 64 24 96 89 15 34 61 12
48 45 19 82 97 39 39 40 50 94 41 54 35 98 0 93 85 70 64 72 82 40 78 87 11 28 84 22 27 45
53 69 50 70 72 47 99 92 57 40 40 32 92 51 93 0 21 91 26 91 93 25 20 87 30 23 10 73 60 34
51 85 21 13 63 11 66 34 70 31 50 44 35 58 85 21 0 22 95 75 31 54 60 73 83 50 72 38 75 20
52 32 61 49 72 92 30 45 22 24 54 39 42 37 70 91 22 0 55 42 69 76 23 91 50 76 54 55 41 24
42 87 12 93 95 15 79 21 21 69 22 12 28 49 64 26 95 55 0 22 77 90 94 50 81 37 89 65 18 24
47 74 45 85 71 41 64 82 74 78 47 15 37 43 72 91 75 42 22 0 67 46 42 60 47 25 22 15 28 94
27 53 84 10 64 25 80 57 84 70 13 58 68 51 82 93 31 69 77 67 0 89 19 23 24 66 17 94 58 67
49 53 60 97 65 13 46 39 73 34 67 45 54 68 40 25 54 76 90 46 89 0 20 23 83 72 37 22 14 45
46 40 93 53 42 52 92 82 51 72 36 92 26 64 78 20 60 23 94 42 19 20 0 72 76 29 70 57 24 26
21 88 90 83 15 16 97 93 53 52 18 67 61 24 87 87 73 91 50 60 23 23 72 0 97 56 32 23 30 50
88 30 20 45 68 22 82 45 97 67 89 15 72 96 11 30 83 50 81 47 24 83 76 97 0 61 63 29 63 38
15 36 51 22 74 89 87 90 60 93 77 11 38 89 28 23 50 76 37 25 66 72 29 56 61 0 39 58 86 35
56 96 58 16 94 96 44 13 25 25 72 49 18 15 84 10 72 54 89 22 17 37 70 32 63 39 0 14 60 52
49 72 49 63 20 91 28 46 38 61 25 75 65 34 22 73 38 55 65 15 94 22 57 23 29 58 14 0 68 24
46 91 18 47 16 32 21 18 77 60 15 46 91 61 27 60 75 41 18 28 58 14 24 30 63 86 60 68 0 84
62 56 17 37 38 50 21 79 72 98 65 75 75 12 45 34 20 24 24 94 67 45 26 50 38 35 52 24 84 0