30
0 61 32 31 47 45 76 66 67 83 29 63 94 42 45 34 78 94 28 20 27 36 37 98 24 38 23 69 63 45
61 0 49 20 26 25 82 45 13 50 19 33 29 28 96 54 31 38 91 59 41 24 70 71 95 35 70 54 27 70
32 49 0 90 81 90 80 66 14 72 11 56 74 39 90 31 99 72 33 71 77 64 62 36 14 85 43 41 92 87
31 20 90 0 94 82 10 24 63 59 51 76 79 52 73 97 94 67 28 31 82 45 15 19 20 95 83 86 22 30
47 26 81 94 0 67 40 17 87 52 58 98 14 72 40 75 68 21 32 37 71 49 18 93 59 69 48 66 58 70
45 25 90 82 67 0 70 20 18 93 98 34 49 57 35 88 26 67 42 38 78 60 27 17 35 86 17 34 47 33
76 82 80 10 40 70 0 83 95 67 21 36 61 13 44 93 51 74 11 20 85 90 44 61 17 29 73 61 53 71
66 45 66 24 17 20 83 0 78 77 63 97 75 89 18 96 19 41 80 37 13 36 15 26 91 34 22 64 55 82
67 13 14 63 87 18 95 78 0 89 33 29 31 71 20 42 87 36 88 41 72 38 47 72 79 92 72 34 27 65
83 50 72 59 52 93 67 77 89 0 47 93 51 69 69 10 23 85 79 14 38 43 90 74 39 24 25 23 50 13
29 19 11 51 58 98 21 63 33 47 0 49 76 19 30 56 68 40 85 21 78 13 35 43 81 14 11 29 77 84
63 33 56 76 98 34 36 97 29 93 49 0 52 22 42 58 20 95 97 39 20 14 50 49 27 29 38 38 56 31
94 29 74 79 14 49 61 75 31 51 76 52 0 30 66 96 30 41 16 35 66 70 86 88 52 16 36 52 63 33
42 28 39 52 72 57 13 89 71 69 19 22 30 0 85 79 35 45 42 55 87 98 86 73 29 16 47 14 59 62
45 96 90 73 40 35 44 18 20 69 30 42 66 85 0 40 14 78 49 84 34 51 42 64 62 56 87 54 34 15
34 54 31 97 75 88 93 96 42 10 56 58 96 79 40 0 24 33 60 21 24 70 82 74 90 52 58 90 39 32
78 31 99 94 68 26 51 19 87 23 68 20 30 35 14 24 0 37 12 45 46 11 98 47 95 14 42 83 36 70
94 38 72 67 21 67 74 41 36 85 40 95 41 45 78 33 37 0 73 83 85 36 28 76 53 42 99 57 60 19
28 91 33 28 32 42 11 80 88 79 85 97 16 42 49 60 12 73 0 56 76 44 82 65 52 25 69 13 95 58
20 59 71 31 37 38 20 37 41 14 21 39 35 55 84 21 45 83 56 0 92 42 24 92 29 29 70 42 42 48
27 41 77 82 71 78 85 13 72 38 78 20 66 87 34 24 46 85 76 92 0 60 55 80 68 79 35 58 86 75
36 24 64 45 49 60 90 36 38 43 13 14 70 98 51 70 11 36 44 42 60 0 31 91 46 26 37 68 67 26
37 70 62 15 18 27 44 15 47 90 35 50 86 86 42 82 98 28 82 24 55 31 0 14 39 63 16 54 42 81
98 71 36 19 93 17 61 26 72 74 43 49 88 73 64 74 47 76 65 92 80 91 14 0 13 83 65 11 56 49
24 95 14 20 59 35 17 91 79 39 81 27 52 29 62 90 95 53 52 29 68 46 39 13 0 60 49 83 10 22
38 35 85 95 69 86 29 34 92 24 14 29 16 16 56 52 14 42 25 29 79 26 63 83 60 0 81 56 76 63
23 70 43 83 48 17 73 22 72 25 11 38 36 47 87 58 42 99 69 70 35 37 16 65 49 81 0 44 91 79
69 54 41 86 66 34 61 64 34 23 29 38 52 14 54 90 83 57 13 42 58 68 54 11 83 56 44 0 35 58
63 27 92 22 58 47 53 55 27 50 77 56 63 59 34 39 36 60 95 42 86 67 42 56 10 76 91 35 0 31
45 70 87 30 70 33 71 82 65 13 84 31 33 62 15 32 70 19 58 48 75 26 81 49 22 63 79 58 31 0