15
0 77 78 62 32 34 26 10 52 87 49 34 40 11 45
77 0 47 12 32 41 98 60 85 42 74 55 20 73 69
78 47 0 31 91 48 47 48 85 40 84 18 15 83 14
62 12 31 0 16 19 47 56 10 76 23 31 13 17 95
32 32 91 16 0 95 51 97 88 71 67 13 93 93 73
34 41 48 19 95 0 42 10 44 36 84 93 12 19 27
26 98 47 47 51 42 0 81 88 72 33 14 39 86 33
10 60 48 56 97 10 81 0 85 81 40 89 91 32 63
52 85 85 10 88 44 88 85 0 21 26 88 55 24 93
87 42 40 76 71 36 72 81 21 0 16 28 59 51 84
49 74 84 23 67 84 33 40 26 16 0 40 25 67 47
34 55 18 31 13 93 14 89 88 28 40 0 49 44 61
40 20 15 13 93 12 39 91 55 59 25 49 0 31 33
11 73 83 17 93 19 86 32 24 51 67 44 31 0 68
45 69 14 95 73 27 33 63 93 84 47 61 33 68 0