25
0 65 22 10 46 87 41 51 40 26 95 32 30 75 44 70 71 38 99 42 77 41 56 11 28
65 0 55 66 19 63 37 74 64 22 80 46 63 88 19 55 18 82 26 28 73 78 48 47 51
22 55 0 68 31 94 61 99 38 57 36 77 93 92 51 41 51 37 61 18 92 23 21 22 95
10 66 68 0 76 93 14 13 64 63 16 22 95 27 91 32 53 33 87 15 73 55 56 46 44
46 19 31 76 0 96 52 36 52 26 43 46 27 20 86 84 35 70 85 55 96 55 12 24 16
87 63 94 93 96 0 28 49 73 43 60 61 75 51 10 18 55 74 21 14 57 21 38 64 75
41 37 61 14 52 28 0 42 30 24 77 87 73 66 79 27 91 41 49 96 39 39 82 65 99
51 74 99 13 36 49 42 0 78 83 16 10 98 75 79 91 61 77 39 77 79 14 79 16 52
40 64 38 64 52 73 30 78 0 91 31 70 93 70 88 66 76 46 32 68 65 91 75 75 89
26 22 57 63 26 43 24 83 91 0 40 79 80 11 67 87 24 99 18 43 79 89 54 53 60
95 80 36 16 43 60 77 16 31 40 0 59 57 56 98 48 83 30 52 96 49 96 28 85 93
32 46 77 22 46 61 87 10 70 79 59 0 27 90 21 41 46 53 85 33 77 26 54 18 49
30 63 93 95 27 75 73 98 93 80 57 27 0 24 22 12 10 33 80 66 27 11 89 24 66
75 88 92 27 20 51 66 75 70 11 56 90 24 0 74 66 38 28 11 22 91 26 97 10 43
44 19 51 91 86 10 79 79 88 67 98 21 22 74 0 14 20 24 47 41 42 57 51 40 36
70 55 41 32 84 18 27 91 66 87 48 41 12 66 14 0 16 40 47 28 15 53 25 13 58
71 18 51 53 35 55 91 61 76 24 83 46 10 38 20 16 0 47 87 76 57 55 24 44 52
38 82 37 33 70 74 41 77 46 99 30 53 33 28 24 40 47 0 69 32 75 32 16 93 91
99 26 61 87 85 21 49 39 32 18 52 85 80 11 47 47 87 69 0 66 22 95 77 45 71
42 28 18 15 55 14 96 77 68 43 96 33 66 22 41 28 76 32 66 0 92 20 56 12 89
77 73 92 73 96 57 39 79 65 79 49 77 27 91 42 15 57 75 22 92 0 65 73 74 80
41 78 23 55 55 21 39 14 91 89 96 26 11 26 57 53 55 32 95 20 65 0 82 81 19
56 48 21 56 12 38 82 79 75 54 28 54 89 97 51 25 24 16 77 56 73 82 0 48 15
11 47 22 46 24 64 65 16 75 53 85 18 24 10 40 13 44 93 45 12 74 81 48 0 16
28 51 95 44 16 75 99 52 89 60 93 49 66 43 36 58 52 91 71 89 80 19 15 16 0