25
0 82 68 26 41 35 79 76 66 79 18 25 84 20 28 68 27 26 17 40 89 88 12 34 15
82 0 65 16 36 62 47 28 61 99 14 37 62 16 26 78 53 55 92 93 62 46 41 92 36
68 65 0 22 13 59 80 19 82 49 46 69 92 36 85 60 48 17 70 17 42 51 28 64 44
26 16 22 0 35 69 86 47 89 53 15 10 80 26 42 95 80 80 56 36 78 42 65 80 44
41 36 13 35 0 30 92 50 71 98 77 89 57 43 13 59 51 12 53 14 11 41 89 13 75
35 62 59 69 30 0 53 93 32 43 35 11 68 15 51 69 14 86 35 39 70 73 82 84 23
79 47 80 86 92 53 0 81 19 39 88 18 70 34 29 93 55 68 81 36 60 57 45 40 83
76 28 19 47 50 93 81 0 36 23 32 32 48 40 18 26 57 90 86 93 53 67 44 81 95
66 61 82 89 71 32 19 36 0 66 20 60 97 81 30 33 90 11 68 41 44 99 58 50 42
79 99 49 53 98 43 39 23 66 0 80 34 44 68 63 75 47 66 76 54 50 98 73 70 63
18 14 46 15 77 35 88 32 20 80 0 62 78 97 36 55 50 25 91 36 76 98 15 92 86
25 37 69 10 89 11 18 32 60 34 62 0 33 79 12 13 52 92 18 91 45 35 45 88 70
84 62 92 80 57 68 70 48 97 44 78 33 0 13 62 38 36 86 96 78 86 31 19 77 46
20 16 36 26 43 15 34 40 81 68 97 79 13 0 71 23 71 57 29 66 37 15 47 82 20
28 26 85 42 13 51 29 18 30 63 36 12 62 71 0 34 82 98 41 77 66 15 71 78 59
68 78 60 95 59 69 93 26 33 75 55 13 38 23 34 0 28 29 57 66 69 16 17 82 88
27 53 48 80 51 14 55 57 90 47 50 52 36 71 82 28 0 61 89 37 96 92 51 48 43
26 55 17 80 12 86 68 90 11 66 25 92 86 57 98 29 61 0 86 86 30 14 70 79 25
17 92 70 56 53 35 81 86 68 76 91 18 96 29 41 57 89 86 0 53 83 41 55 64 34
40 93 17 36 14 39 36 93 41 54 36 91 78 66 77 66 37 86 53 0 21 33 36 95 20
89 62 42 78 11 70 60 53 44 50 76 45 86 37 66 69 96 30 83 21 0 16 41 24 74
88 46 51 42 41 73 57 67 99 98 98 35 31 15 15 16 92 14 41 33 16 0 52 60 34
12 41 28 65 89 82 45 44 58 73 15 45 19 47 71 17 51 70 55 36 41 52 0 46 80
34 92 64 80 13 84 40 81 50 70 92 88 77 82 78 82 48 79 64 95 24 60 46 0 83
15 36 44 44 75 23 83 95 42 63 86 70 46 20 59 88 43 25 34 20 74 34 80 83 0