25
0 35 53 22 49 18 10 67 43 14 89 71 11 61 21 58 86 60 53 98 36 36 89 92 15
35 0 17 32 97 13 94 28 17 89 28 87 37 68 42 63 22 75 36 69 90 42 41 29 83
53 17 0 87 45 66 49 25 48 13 11 91 49 54 58 49 79 65 23 64 49 39 77 29 70
22 32 87 0 66 81 92 21 31 56 41 88 78 53 73 56 86 12 97 71 85 66 65 77 17
49 97 45 66 0 33 86 96 33 88 68 95 10 14 12 43 26 64 14 82 91 42 46 58 42
18 13 66 81 33 0 16 53 27 92 25 58 20 39 42 66 73 30 11 55 19 17 65 28 32
10 94 49 92 86 16 0 43 52 73 52 56 66 46 46 11 19 78 93 27 22 22 88 68 27
67 28 25 21 96 53 43 0 48 39 68 94 77 75 36 10 94 26 19 22 32 99 11 66 13
43 17 48 31 33 27 52 48 0 72 34 15 74 23 68 48 67 35 59 12 71 42 62 40 65
14 89 13 56 88 92 73 39 72 0 52 23 52 13 39 37 87 53 93 79 73 71 45 95 58
89 28 11 41 68 25 52 68 34 52 0 28 46 16 80 20 34 58 38 72 25 97 96 96 15
71 87 91 88 95 58 56 94 15 23 28 0 39 44 63 62 99 67 35 76 69 15 21 13 23
11 37 49 78 10 20 66 77 74 52 46 39 0 69 17 69 91 71 55 86 51 31 74 10 62
61 68 54 53 14 39 46 75 23 13 16 44 69 0 39 72 43 82 19 80 54 95 43 20 76
21 42 58 73 12 42 46 36 68 39 80 63 17 39 0 77 66 45 63 58 26 24 23 56 75
58 63 49 56 43 66 11 10 48 37 20 62 69 72 77 0 68 15 55 86 69 99 54 56 14
86 22 79 86 26 73 19 94 67 87 34 99 91 43 66 68 0 56 54 44 58 10 50 25 52
60 75 65 12 64 30 78 26 35 53 58 67 71 82 45 15 56 0 56 40 33 84 77 71 81
53 36 23 97 14 11 93 19 59 93 38 35 55 19 63 55 54 56 0 33 21 22 33 44 37
98 69 64 71 82 55 27 22 12 79 72 76 86 80 58 86 44 40 33 0 45 40 24 16 94
36 90 49 85 91 19 22 32 71 73 25 69 51 54 26 69 58 33 21 45 0 37 58 10 54
36 42 39 66 42 17 22 99 42 71 97 15 31 95 24 99 10 84 22 40 37 0 98 62 51
89 41 77 65 46 65 88 11 62 45 96 21 74 43 23 54 50 77 33 24 58 98 0 78 92
92 29 29 77 58 28 68 66 40 95 96 13 10 20 56 56 25 71 44 16 10 62 78 0 47
15 83 70 17 42 32 27 13 65 58 15 23 62 76 75 14 52 81 37 94 54 51 92 47 0