10
0 72 85 95 46 52 75 30 94 41
72 0 93 67 54 67 95 68 74 46
85 93 0 79 16 78 97 38 70 96
95 67 79 0 70 61 98 56 67 27
46 54 16 70 0 53 16 51 74 13
52 67 78 61 53 0 53 22 16 86
75 95 97 98 16 53 0 89 53 81
30 68 38 56 51 22 89 0 51 71
94 74 70 67 74 16 53 51 0 43
41 46 96 27 13 86 81 71 43 0