30
0 42 91 95 18 23 59 71 44 87 57 80 79 50 52 72 25 17 74 20 86 37 14 35 32 64 13 54 85 88
42 0 29 16 66 39 61 32 54 83 30 65 12 61 34 65 84 50 51 34 49 91 82 59 26 93 51 84 18 71
91 29 0 59 66 90 41 95 16 43 22 39 99 62 59 24 80 52 43 68 10 43 58 57 29 91 15 97 24 59
95 16 59 0 14 73 29 80 43 27 61 72 94 95 73 34 67 49 45 67 29 78 72 31 94 17 18 70 56 28
18 66 66 14 0 16 72 99 10 59 96 12 16 86 90 49 36 71 41 21 59 88 20 37 79 75 67 58 12 33
23 39 90 73 16 0 13 38 95 25 33 38 23 11 32 28 57 13 48 14 32 19 22 17 80 71 52 45 74 51
59 61 41 29 72 13 0 90 20 56 43 68 18 71 92 13 64 89 93 28 95 20 80 88 40 49 66 90 86 19
71 32 95 80 99 38 90 0 60 64 61 45 35 30 67 31 51 37 89 15 86 17 48 57 78 25 99 80 84 76
44 54 16 43 10 95 20 60 0 72 87 63 51 54 78 68 91 17 44 20 56 35 67 33 55 12 61 50 28 11
87 83 43 27 59 25 56 64 72 0 87 44 89 95 63 36 85 39 87 92 12 14 42 52 77 23 11 23 58 37
57 30 22 61 96 33 43 61 87 87 0 72 71 84 58 46 39 96 54 51 63 50 62 48 24 51 32 25 22 26
80 65 39 72 12 38 68 45 63 44 72 0 67 56 68 59 68 47 99 63 50 29 53 10 87 24 99 74 41 82
79 12 99 94 16 23 18 35 51 89 71 67 0 94 14 28 27 76 32 80 75 78 56 21 68 84 97 10 46 63
50 61 62 95 86 11 71 30 54 95 84 56 94 0 31 31 80 63 41 67 91 28 23 66 93 63 36 61 27 73
52 34 59 73 90 32 92 67 78 63 58 68 14 31 0 44 55 23 15 93 80 22 84 97 41 26 25 26 78 64
72 65 24 34 49 28 13 31 68 36 46 59 28 31 44 0 47 13 78 94 80 55 20 81 59 16 89 18 20 88
25 84 80 67 36 57 64 51 91 85 39 68 27 80 55 47 0 15 83 92 30 42 21 13 42 93 61 70 62 91
17 50 52 49 71 13 89 37 17 39 96 47 76 63 23 13 15 0 26 42 90 88 17 96 75 79 35 29 91 49
74 51 43 45 41 48 93 89 44 87 54 99 32 41 15 78 83 26 0 13 29 79 73 46 68 79 53 71 55 81
20 34 68 67 21 14 28 15 20 92 51 63 80 67 93 94 92 42 13 0 44 67 14 27 76 92 56 18 68 51
86 49 10 29 59 32 95 86 56 12 63 50 75 91 80 80 30 90 29 44 0 11 76 83 22 43 36 74 40 19
37 91 43 78 88 19 20 17 35 14 50 29 78 28 22 55 42 88 79 67 11 0 46 36 90 24 27 12 29 62
14 82 58 72 20 22 80 48 67 42 62 53 56 23 84 20 21 17 73 14 76 46 0 40 20 30 51 82 34 61
35 59 57 31 37 17 88 57 33 52 48 10 21 66 97 81 13 96 46 27 83 36 40 0 90 31 96 78 16 80
32 26 29 94 79 80 40 78 55 77 24 87 68 93 41 59 42 75 68 76 22 90 20 90 0 77 34 68 98 43
64 93 91 17 75 71 49 25 12 23 51 24 84 63 26 16 93 79 79 92 43 24 30 31 77 0 56 45 46 91
13 51 15 18 67 52 66 99 61 11 32 99 97 36 25 89 61 35 53 56 36 27 51 96 34 56 0 31 20 79
54 84 97 70 58 45 90 80 50 23 25 74 10 61 26 18 70 29 71 18 74 12 82 78 68 45 31 0 45 29
85 18 24 56 12 74 86 84 28 58 22 41 46 27 78 20 62 91 55 68 40 29 34 16 98 46 20 45 0 29
88 71 59 28 33 51 19 76 11 37 26 82 63 73 64 88 91 49 81 51 19 62 61 80 43 91 79 29 29 0