10
0 67 63 27 87 41 26 13 47 87
67 0 75 51 95 76 94 89 98 60
63 75 0 22 99 33 54 81 78 69
27 51 22 0 82 35 68 74 34 59
87 95 99 82 0 92 50 64 34 28
41 76 33 35 92 0 83 21 76 16
26 94 54 68 50 83 0 63 96 10
13 89 81 74 64 21 63 0 29 71
47 98 78 34 34 76 96 29 0 21
87 60 69 59 28 16 10 71 21 0