10
0 75 38 37 97 34 87 99 78 53
75 0 87 96 82 67 28 73 29 39
38 87 0 98 32 87 92 25 21 54
37 96 98 0 71 35 12 63 31 70
97 82 32 71 0 47 26 28 89 72
34 67 87 35 47 0 64 95 86 78
87 28 92 12 26 64 0 71 72 13
99 73 25 63 28 95 71 0 97 75
78 29 21 31 89 86 72 97 0 68
53 39 54 70 72 78 13 75 68 0