10
0 38 24 29 67 49 13 55 85 18
38 0 20 83 89 95 41 64 58 26
24 20 0 63 17 96 41 24 65 95
29 83 63 0 56 61 38 41 51 69
67 89 17 56 0 73 45 95 23 47
49 95 96 61 73 0 29 93 90 18
13 41 41 38 45 29 0 30 83 45
55 64 24 41 95 93 30 0 29 12
85 58 65 51 23 90 83 29 0 21
18 26 95 69 47 18 45 12 21 0