15
0 55 18 72 16 57 22 77 54 39 97 46 33 47 16
55 0 89 94 68 16 88 50 66 70 92 89 29 39 81
18 89 0 40 79 45 13 35 82 62 91 42 79 57 20
72 94 40 0 14 50 95 87 74 72 75 41 98 25 27
16 68 79 14 0 75 24 80 34 97 46 47 31 45 57
57 16 45 50 75 0 76 30 96 58 33 93 15 27 64
22 88 13 95 24 76 0 44 33 92 93 77 46 50 15
77 50 35 87 80 30 44 0 16 82 34 82 78 57 60
54 66 82 74 34 96 33 16 0 94 29 67 97 14 68
39 70 62 72 97 58 92 82 94 0 60 21 25 69 71
97 92 91 75 46 33 93 34 29 60 0 93 26 66 68
46 89 42 41 47 93 77 82 67 21 93 0 74 78 83
33 29 79 98 31 15 46 78 97 25 26 74 0 34 93
47 39 57 25 45 27 50 57 14 69 66 78 34 0 80
16 81 20 27 57 64 15 60 68 71 68 83 93 80 0