30
0 96 99 48 77 39 92 17 29 46 52 34 99 74 72 86 50 86 42 56 22 51 86 30 36 52 82 86 81 83
96 0 77 27 40 69 20 20 99 35 56 68 43 83 63 49 68 68 41 65 92 38 40 32 46 30 67 55 55 46
99 77 0 36 31 82 56 42 11 48 10 77 16 43 35 95 17 98 76 92 85 64 65 28 65 67 71 56 25 90
48 27 36 0 89 51 63 81 26 85 90 53 36 11 50 55 67 14 62 10 86 91 49 90 41 35 69 84 91 82
77 40 31 89 0 78 97 74 83 62 99 12 34 37 19 61 21 61 56 38 28 62 83 38 96 35 59 66 20 98
39 69 82 51 78 0 19 59 95 47 28 39 38 57 85 63 89 13 46 81 31 57 33 61 30 43 61 14 49 98
92 20 56 63 97 19 0 47 67 14 26 97 49 98 77 34 39 77 75 51 87 41 34 97 68 75 84 85 19 78
17 20 42 81 74 59 47 0 18 84 98 22 69 56 11 38 24 99 47 95 88 84 18 22 63 50 82 98 87 20
29 99 11 26 83 95 67 18 0 77 39 47 46 78 63 47 21 92 13 46 66 21 21 50 57 24 72 88 75 65
46 35 48 85 62 47 14 84 77 0 54 43 87 22 87 15 90 45 39 17 17 43 53 54 13 60 36 87 26 99
52 56 10 90 99 28 26 98 39 54 0 18 91 32 60 57 40 22 80 30 66 80 12 17 60 92 26 93 99 27
34 68 77 53 12 39 97 22 47 43 18 0 91 88 85 51 24 34 22 41 88 26 95 40 22 67 10 67 33 15
99 43 16 36 34 38 49 69 46 87 91 91 0 84 67 59 68 82 61 94 49 38 30 28 30 83 55 48 51 71
74 83 43 11 37 57 98 56 78 22 32 88 84 0 27 97 87 47 26 56 63 47 60 75 82 41 81 57 19 83
72 63 35 50 19 85 77 11 63 87 60 85 67 27 0 92 29 34 60 48 59 11 72 90 97 17 76 79 94 30
86 49 95 55 61 63 34 38 47 15 57 51 59 97 92 0 59 15 99 55 58 14 33 96 21 93 13 37 75 89
50 68 17 67 21 89 39 24 21 90 40 24 68 87 29 59 0 90 47 13 93 19 55 99 38 98 90 29 55 87
86 68 98 14 61 13 77 99 92 45 22 34 82 47 34 15 90 0 96 46 93 25 32 29 27 82 24 79 61 98
42 41 76 62 56 46 75 47 13 39 80 22 61 26 60 99 47 96 0 68 44 37 40 13 32 49 68 12 13 39
56 65 92 10 38 81 51 95 46 17 30 41 94 56 48 55 13 46 68 0 31 43 63 49 89 10 18 50 42 61
22 92 85 86 28 31 87 88 66 17 66 88 49 63 59 58 93 93 44 31 0 51 64 46 90 75 61 35 89 36
51 38 64 91 62 57 41 84 21 43 80 26 38 47 11 14 19 25 37 43 51 0 47 82 11 43 95 20 22 52
86 40 65 49 83 33 34 18 21 53 12 95 30 60 72 33 55 32 40 63 64 47 0 22 16 55 41 87 66 38
30 32 28 90 38 61 97 22 50 54 17 40 28 75 90 96 99 29 13 49 46 82 22 0 79 42 42 82 94 28
36 46 65 41 96 30 68 63 57 13 60 22 30 82 97 21 38 27 32 89 90 11 16 79 0 87 94 50 68 51
52 30 67 35 35 43 75 50 24 60 92 67 83 41 17 93 98 82 49 10 75 43 55 42 87 0 87 62 37 31
82 67 71 69 59 61 84 82 72 36 26 10 55 81 76 13 90 24 68 18 61 95 41 42 94 87 0 63 50 95
86 55 56 84 66 14 85 98 88 87 93 67 48 57 79 37 29 79 12 50 35 20 87 82 50 62 63 0 19 30
81 55 25 91 20 49 19 87 75 26 99 33 51 19 94 75 55 61 13 42 89 22 66 94 68 37 50 19 0 13
83 46 90 82 98 98 78 20 65 99 27 15 71 83 30 89 87 98 39 61 36 52 38 28 51 31 95 30 13 0