25
0 60 55 13 41 57 78 90 70 89 76 52 92 26 67 17 90 73 77 50 90 68 14 69 70
60 0 63 91 19 90 88 96 59 89 38 65 52 21 71 64 90 79 42 14 24 45 59 83 10
55 63 0 35 59 96 79 78 30 13 98 92 35 16 31 86 42 66 78 56 44 60 33 75 68
13 91 35 0 75 32 63 71 36 82 43 35 79 81 30 60 52 36 82 58 12 91 46 97 88
41 19 59 75 0 21 39 88 83 37 60 80 47 40 80 28 75 48 34 35 31 11 40 16 76
57 90 96 32 21 0 40 23 96 17 71 95 33 77 83 40 34 10 36 54 63 90 45 92 39
78 88 79 63 39 40 0 20 56 14 86 68 41 42 39 35 22 88 76 58 44 45 70 58 55
90 96 78 71 88 23 20 0 39 49 21 95 66 82 96 31 36 96 28 63 38 69 87 73 61
70 59 30 36 83 96 56 39 0 14 81 55 33 41 89 41 44 66 28 70 97 27 20 53 25
89 89 13 82 37 17 14 49 14 0 93 69 48 67 15 90 72 39 65 21 70 26 76 44 44
76 38 98 43 60 71 86 21 81 93 0 72 43 82 23 78 54 27 98 99 47 44 83 88 40
52 65 92 35 80 95 68 95 55 69 72 0 90 99 75 14 38 85 46 27 24 67 83 23 31
92 52 35 79 47 33 41 66 33 48 43 90 0 26 18 88 21 26 98 43 68 93 90 77 66
26 21 16 81 40 77 42 82 41 67 82 99 26 0 29 77 33 61 36 63 18 62 77 80 76
67 71 31 30 80 83 39 96 89 15 23 75 18 29 0 96 99 19 60 78 42 51 31 90 35
17 64 86 60 28 40 35 31 41 90 78 14 88 77 96 0 52 78 98 45 66 71 29 36 65
90 90 42 52 75 34 22 36 44 72 54 38 21 33 99 52 0 54 72 10 92 41 29 34 88
73 79 66 36 48 10 88 96 66 39 27 85 26 61 19 78 54 0 28 19 24 14 78 22 12
77 42 78 82 34 36 76 28 28 65 98 46 98 36 60 98 72 28 0 45 15 38 73 74 88
50 14 56 58 35 54 58 63 70 21 99 27 43 63 78 45 10 19 45 0 30 81 35 10 49
90 24 44 12 31 63 44 38 97 70 47 24 68 18 42 66 92 24 15 30 0 99 89 50 26
68 45 60 91 11 90 45 69 27 26 44 67 93 62 51 71 41 14 38 81 99 0 33 68 23
14 59 33 46 40 45 70 87 20 76 83 83 90 77 31 29 29 78 73 35 89 33 0 37 73
69 83 75 97 16 92 58 73 53 44 88 23 77 80 90 36 34 22 74 10 50 68 37 0 52
70 10 68 88 76 39 55 61 25 44 40 31 66 76 35 65 88 12 88 49 26 23 73 52 0