15
0 30 36 75 23 25 64 20 60 44 93 24 99 40 98
30 0 60 40 53 99 86 72 62 24 60 47 19 25 38
36 60 0 10 80 56 15 17 93 40 84 91 74 74 39
75 40 10 0 14 47 22 26 39 95 88 75 67 79 34
23 53 80 14 0 65 75 14 58 15 65 76 27 19 30
25 99 56 47 65 0 29 62 28 74 58 96 89 35 14
64 86 15 22 75 29 0 79 26 55 74 58 79 17 37
20 72 17 26 14 62 79 0 11 67 48 12 28 40 67
60 62 93 39 58 28 26 11 0 48 13 71 21 26 14
44 24 40 95 15 74 55 67 48 0 26 83 29 95 54
93 60 84 88 65 58 74 48 13 26 0 57 33 16 95
24 47 91 75 76 96 58 12 71 83 57 0 12 29 45
99 19 74 67 27 89 79 28 21 29 33 12 0 89 70
40 25 74 79 19 35 17 40 26 95 16 29 89 0 42
98 38 39 34 30 14 37 67 14 54 95 45 70 42 0