30
0 67 93 54 46 30 87 52 66 91 75 79 61 20 22 69 48 78 56 66 69 42 40 62 32 72 84 31 70 52
67 0 58 87 28 47 44 42 55 54 79 85 19 50 16 37 88 61 93 93 61 25 40 46 25 98 43 21 26 68
93 58 0 64 66 98 27 24 88 56 18 78 93 52 30 70 61 68 36 74 89 60 24 46 43 98 22 88 45 32
54 87 64 0 39 84 30 87 47 57 38 53 69 53 13 57 54 64 79 38 45 22 45 55 67 33 98 49 86 87
46 28 66 39 0 77 89 87 56 38 24 20 27 95 27 94 11 43 25 77 82 71 86 73 76 38 87 14 95 12
30 47 98 84 77 0 29 16 30 46 98 14 42 83 54 69 87 76 84 11 26 81 84 24 15 94 52 10 10 69
87 44 27 30 89 29 0 11 69 73 54 70 62 89 38 69 46 52 48 78 56 10 97 79 87 10 94 24 71 17
52 42 24 87 87 16 11 0 39 48 60 37 63 17 16 41 34 90 59 25 33 61 12 54 41 56 90 84 42 66
66 55 88 47 56 30 69 39 0 66 70 80 68 79 80 65 47 68 99 57 21 27 16 97 98 52 22 89 33 68
91 54 56 57 38 46 73 48 66 0 88 59 44 21 75 71 16 77 79 64 41 15 65 90 10 27 55 46 35 80
75 79 18 38 24 98 54 60 70 88 0 33 13 86 73 72 67 16 19 12 66 18 65 72 16 45 89 28 71 26
79 85 78 53 20 14 70 37 80 59 33 0 58 68 78 65 53 75 75 62 97 56 90 11 12 22 66 25 12 33
61 19 93 69 27 42 62 63 68 44 13 58 0 65 95 60 19 33 80 52 93 84 59 85 90 50 18 29 69 12
20 50 52 53 95 83 89 17 79 21 86 68 65 0 70 36 19 53 76 65 65 85 99 28 33 41 38 43 26 25
22 16 30 13 27 54 38 16 80 75 73 78 95 70 0 81 48 46 88 51 48 51 21 47 85 70 14 62 36 63
69 37 70 57 94 69 69 41 65 71 72 65 60 36 81 0 73 34 87 19 99 61 88 37 22 54 54 72 34 92
48 88 61 54 11 87 46 34 47 16 67 53 19 19 48 73 0 53 34 59 26 30 16 84 83 42 11 39 38 51
78 61 68 64 43 76 52 90 68 77 16 75 33 53 46 34 53 0 70 73 33 21 29 83 49 20 81 27 56 72
56 93 36 79 25 84 48 59 99 79 19 75 80 76 88 87 34 70 0 86 19 43 36 88 98 32 18 11 47 29
66 93 74 38 77 11 78 25 57 64 12 62 52 65 51 19 59 73 86 0 99 66 92 84 90 47 80 59 65 85
69 61 89 45 82 26 56 33 21 41 66 97 93 65 48 99 26 33 19 99 0 38 65 17 83 15 94 29 63 40
42 25 60 22 71 81 10 61 27 15 18 56 84 85 51 61 30 21 43 66 38 0 19 83 82 63 30 52 92 72
40 40 24 45 86 84 97 12 16 65 65 90 59 99 21 88 16 29 36 92 65 19 0 33 40 36 96 75 96 91
62 46 46 55 73 24 79 54 97 90 72 11 85 28 47 37 84 83 88 84 17 83 33 0 52 74 25 64 48 61
32 25 43 67 76 15 87 41 98 10 16 12 90 33 85 22 83 49 98 90 83 82 40 52 0 60 62 34 57 31
72 98 98 33 38 94 10 56 52 27 45 22 50 41 70 54 42 20 32 47 15 63 36 74 60 0 41 35 13 16
84 43 22 98 87 52 94 90 22 55 89 66 18 38 14 54 11 81 18 80 94 30 96 25 62 41 0 75 86 92
31 21 88 49 14 10 24 84 89 46 28 25 29 43 62 72 39 27 11 59 29 52 75 64 34 35 75 0 34 33
70 26 45 86 95 10 71 42 33 35 71 12 69 26 36 34 38 56 47 65 63 92 96 48 57 13 86 34 0 33
52 68 32 87 12 69 17 66 68 80 26 33 12 25 63 92 51 72 29 85 40 72 91 61 31 16 92 33 33 0