15
0 35 11 88 67 20 38 14 57 74 70 65 32 10 96
35 0 96 26 51 50 15 98 34 13 76 82 43 92 34
11 96 0 15 24 57 15 42 53 73 68 38 34 21 47
88 26 15 0 17 71 71 74 57 62 66 20 73 62 28
67 51 24 17 0 64 14 93 59 26 42 44 35 84 26
20 50 57 71 64 0 10 56 26 60 90 28 79 72 13
38 15 15 71 14 10 0 12 50 30 55 88 20 85 53
14 98 42 74 93 56 12 0 72 45 79 29 45 40 34
57 34 53 57 59 26 50 72 0 40 48 81 73 41 24
74 13 73 62 26 60 30 45 40 0 74 72 78 19 63
70 76 68 66 42 90 55 79 48 74 0 73 23 44 57
65 82 38 20 44 28 88 29 81 72 73 0 41 88 76
32 43 34 73 35 79 20 45 73 78 23 41 0 88 15
10 92 21 62 84 72 85 40 41 19 44 88 88 0 91
96 34 47 28 26 13 53 34 24 63 57 76 15 91 0