20
0 46 57 46 77 53 72 23 22 40 56 73 88 38 74 60 84 36 96 35
46 0 34 30 21 39 10 64 22 67 43 19 26 43 13 39 99 89 66 54
57 34 0 18 16 34 30 87 83 59 63 77 20 39 41 54 84 36 81 37
46 30 18 0 85 62 58 41 11 62 71 73 56 29 52 32 48 29 80 31
77 21 16 85 0 30 31 42 57 19 35 79 28 10 29 46 69 53 86 74
53 39 34 62 30 0 49 10 39 41 19 25 67 16 70 67 71 85 92 22
72 10 30 58 31 49 0 19 67 82 34 88 29 26 97 99 12 35 87 47
23 64 87 41 42 10 19 0 55 52 44 19 74 24 11 95 48 58 25 17
22 22 83 11 57 39 67 55 0 84 96 27 16 47 33 96 73 29 24 97
40 67 59 62 19 41 82 52 84 0 34 21 43 87 21 68 94 52 49 88
56 43 63 71 35 19 34 44 96 34 0 13 27 10 25 90 59 94 29 17
73 19 77 73 79 25 88 19 27 21 13 0 26 84 42 82 44 67 30 10
88 26 20 56 28 67 29 74 16 43 27 26 0 28 72 77 53 22 25 59
38 43 39 29 10 16 26 24 47 87 10 84 28 0 46 41 47 94 23 11
74 13 41 52 29 70 97 11 33 21 25 42 72 46 0 18 46 37 54 81
60 39 54 32 46 67 99 95 96 68 90 82 77 41 18 0 97 81 35 56
84 99 84 48 69 71 12 48 73 94 59 44 53 47 46 97 0 30 17 92
36 89 36 29 53 85 35 58 29 52 94 67 22 94 37 81 30 0 45 37
96 66 81 80 86 92 87 25 24 49 29 30 25 23 54 35 17 45 0 18
35 54 37 31 74 22 47 17 97 88 17 10 59 11 81 56 92 37 18 0