25
0 37 72 36 28 41 31 18 61 15 33 80 39 39 81 65 14 34 44 52 43 46 29 17 16
37 0 67 44 68 88 40 38 94 22 87 66 72 96 52 48 96 78 92 47 36 43 85 52 89
72 67 0 25 94 74 88 45 20 83 66 98 68 36 20 95 77 98 50 78 30 94 44 75 97
36 44 25 0 47 95 13 79 73 63 36 66 30 71 11 97 79 97 80 22 69 96 51 37 42
28 68 94 47 0 50 23 46 65 38 57 29 72 47 51 91 29 38 55 37 69 87 59 68 85
41 88 74 95 50 0 17 89 24 74 40 77 11 10 11 88 30 52 86 73 70 38 65 94 73
31 40 88 13 23 17 0 74 20 31 61 79 95 30 99 13 64 20 91 88 45 67 45 49 72
18 38 45 79 46 89 74 0 54 89 81 46 51 60 77 94 25 67 73 22 72 16 74 88 66
61 94 20 73 65 24 20 54 0 62 44 95 98 77 36 86 10 62 24 14 15 44 10 10 25
15 22 83 63 38 74 31 89 62 0 97 35 21 73 13 29 81 58 22 85 16 52 86 69 76
33 87 66 36 57 40 61 81 44 97 0 36 14 73 56 64 84 65 86 80 20 22 91 14 48
80 66 98 66 29 77 79 46 95 35 36 0 89 64 91 66 29 76 93 42 51 24 12 60 63
39 72 68 30 72 11 95 51 98 21 14 89 0 78 37 12 25 54 81 47 67 51 89 54 91
39 96 36 71 47 10 30 60 77 73 73 64 78 0 57 27 19 86 51 92 81 80 41 66 94
81 52 20 11 51 11 99 77 36 13 56 91 37 57 0 20 62 48 66 39 51 20 96 51 11
65 48 95 97 91 88 13 94 86 29 64 66 12 27 20 0 23 87 12 90 44 98 93 45 68
14 96 77 79 29 30 64 25 10 81 84 29 25 19 62 23 0 90 11 72 34 52 35 88 58
34 78 98 97 38 52 20 67 62 58 65 76 54 86 48 87 90 0 92 91 85 96 65 24 77
44 92 50 80 55 86 91 73 24 22 86 93 81 51 66 12 11 92 0 13 25 72 24 79 28
52 47 78 22 37 73 88 22 14 85 80 42 47 92 39 90 72 91 13 0 16 98 68 34 23
43 36 30 69 69 70 45 72 15 16 20 51 67 81 51 44 34 85 25 16 0 43 55 78 69
46 43 94 96 87 38 67 16 44 52 22 24 51 80 20 98 52 96 72 98 43 0 84 84 77
29 85 44 51 59 65 45 74 10 86 91 12 89 41 96 93 35 65 24 68 55 84 0 46 83
17 52 75 37 68 94 49 88 10 69 14 60 54 66 51 45 88 24 79 34 78 84 46 0 38
16 89 97 42 85 73 72 66 25 76 48 63 91 94 11 68 58 77 28 23 69 77 83 38 0