30
0 66 42 47 61 53 65 69 68 25 76 12 44 13 71 80 51 99 30 87 24 30 71 28 32 56 39 36 63 23
66 0 10 54 93 89 90 57 94 20 70 54 44 81 70 92 14 84 85 89 45 45 55 82 45 65 55 10 68 35
42 10 0 41 23 33 72 31 55 26 77 59 16 20 38 24 82 90 99 47 34 52 50 62 16 53 41 87 52 91
47 54 41 0 84 39 90 10 12 37 21 25 94 43 43 51 50 90 76 46 83 50 10 31 51 72 84 34 20 40
61 93 23 84 0 52 92 67 42 88 13 17 92 49 90 55 36 31 58 95 56 31 24 81 28 47 41 95 87 63
53 89 33 39 52 0 58 45 41 90 90 21 86 51 59 56 80 88 82 58 51 54 38 55 83 12 98 27 36 27
65 90 72 90 92 58 0 95 40 29 22 52 96 87 21 43 81 97 17 22 81 21 82 88 48 19 51 85 30 52
69 57 31 10 67 45 95 0 89 25 56 74 23 55 39 93 13 18 67 25 53 24 51 34 76 38 15 28 82 85
68 94 55 12 42 41 40 89 0 91 61 52 53 42 38 80 66 94 87 44 77 45 37 44 95 56 34 65 95 25
25 20 26 37 88 90 29 25 91 0 84 41 55 56 93 36 43 80 62 57 68 76 11 65 34 23 46 62 76 67
76 70 77 21 13 90 22 56 61 84 0 53 47 25 15 57 41 93 26 93 76 68 98 87 14 72 40 15 18 42
12 54 59 25 17 21 52 74 52 41 53 0 53 62 49 45 66 43 91 98 76 40 42 91 44 40 60 97 55 73
44 44 16 94 92 86 96 23 53 55 47 53 0 87 59 93 16 21 36 24 52 16 91 33 74 74 36 27 42 92
13 81 20 43 49 51 87 55 42 56 25 62 87 0 18 55 92 32 24 10 37 25 60 59 43 22 96 12 59 33
71 70 38 43 90 59 21 39 38 93 15 49 59 18 0 42 83 76 40 64 89 43 21 18 68 67 24 92 76 83
80 92 24 51 55 56 43 93 80 36 57 45 93 55 42 0 78 85 99 37 54 48 31 99 22 22 52 76 80 29
51 14 82 50 36 80 81 13 66 43 41 66 16 92 83 78 0 33 18 10 60 17 73 96 60 33 91 60 41 26
99 84 90 90 31 88 97 18 94 80 93 43 21 32 76 85 33 0 85 55 77 56 57 49 10 32 32 45 69 49
30 85 99 76 58 82 17 67 87 62 26 91 36 24 40 99 18 85 0 64 72 69 17 35 93 37 91 65 37 38
87 89 47 46 95 58 22 25 44 57 93 98 24 10 64 37 10 55 64 0 74 82 38 36 12 85 64 51 12 37
24 45 34 83 56 51 81 53 77 68 76 76 52 37 89 54 60 77 72 74 0 20 92 85 35 56 17 34 26 64
30 45 52 50 31 54 21 24 45 76 68 40 16 25 43 48 17 56 69 82 20 0 57 68 14 15 84 62 43 18
71 55 50 10 24 38 82 51 37 11 98 42 91 60 21 31 73 57 17 38 92 57 0 78 57 22 27 11 35 72
28 82 62 31 81 55 88 34 44 65 87 91 33 59 18 99 96 49 35 36 85 68 78 0 77 33 10 64 15 99
32 45 16 51 28 83 48 76 95 34 14 44 74 43 68 22 60 10 93 12 35 14 57 77 0 97 99 87 98 72
56 65 53 72 47 12 19 38 56 23 72 40 74 22 67 22 33 32 37 85 56 15 22 33 97 0 28 85 17 90
39 55 41 84 41 98 51 15 34 46 40 60 36 96 24 52 91 32 91 64 17 84 27 10 99 28 0 44 12 86
36 10 87 34 95 27 85 28 65 62 15 97 27 12 92 76 60 45 65 51 34 62 11 64 87 85 44 0 44 37
63 68 52 20 87 36 30 82 95 76 18 55 42 59 76 80 41 69 37 12 26 43 35 15 98 17 12 44 0 15
23 35 91 40 63 27 52 85 25 67 42 73 92 33 83 29 26 49 38 37 64 18 72 99 72 90 86 37 15 0