25
0 62 69 62 95 37 41 76 57 90 83 65 18 55 97 93 54 14 20 89 50 99 77 80 86
62 0 62 93 64 23 64 63 19 70 19 40 66 31 82 50 63 91 76 90 68 21 46 95 29
69 62 0 68 71 12 13 37 27 16 37 11 69 68 82 78 32 76 67 16 83 17 55 45 61
62 93 68 0 97 43 51 91 25 33 96 60 97 99 49 48 24 48 59 14 63 95 19 91 54
95 64 71 97 0 94 10 30 67 65 43 56 44 50 23 57 65 85 61 92 67 34 53 18 38
37 23 12 43 94 0 63 14 84 20 66 72 96 85 21 12 82 15 11 29 66 66 69 43 37
41 64 13 51 10 63 0 98 38 90 55 44 50 24 69 38 24 64 42 37 84 60 53 71 90
76 63 37 91 30 14 98 0 62 16 72 46 14 57 70 86 65 49 69 58 59 44 24 14 34
57 19 27 25 67 84 38 62 0 26 33 90 81 84 13 82 88 32 53 40 38 27 54 38 82
90 70 16 33 65 20 90 16 26 0 72 47 45 82 92 34 17 38 51 47 26 59 58 78 17
83 19 37 96 43 66 55 72 33 72 0 98 64 16 97 56 21 40 23 38 35 78 60 24 22
65 40 11 60 56 72 44 46 90 47 98 0 85 98 36 72 42 94 81 83 22 12 58 53 88
18 66 69 97 44 96 50 14 81 45 64 85 0 27 42 20 22 70 42 83 20 89 10 41 88
55 31 68 99 50 85 24 57 84 82 16 98 27 0 89 46 61 61 59 33 37 15 30 40 49
97 82 82 49 23 21 69 70 13 92 97 36 42 89 0 67 69 60 73 31 76 37 46 43 29
93 50 78 48 57 12 38 86 82 34 56 72 20 46 67 0 93 38 30 35 44 60 62 40 49
54 63 32 24 65 82 24 65 88 17 21 42 22 61 69 93 0 41 66 22 87 28 13 51 13
14 91 76 48 85 15 64 49 32 38 40 94 70 61 60 38 41 0 81 55 43 41 88 93 36
20 76 67 59 61 11 42 69 53 51 23 81 42 59 73 30 66 81 0 11 87 86 48 31 85
89 90 16 14 92 29 37 58 40 47 38 83 83 33 31 35 22 55 11 0 91 97 99 92 65
50 68 83 63 67 66 84 59 38 26 35 22 20 37 76 44 87 43 87 91 0 79 70 93 23
99 21 17 95 34 66 60 44 27 59 78 12 89 15 37 60 28 41 86 97 79 0 89 72 69
77 46 55 19 53 69 53 24 54 58 60 58 10 30 46 62 13 88 48 99 70 89 0 54 73
80 95 45 91 18 43 71 14 38 78 24 53 41 40 43 40 51 93 31 92 93 72 54 0 28
86 29 61 54 38 37 90 34 82 17 22 88 88 49 29 49 13 36 85 65 23 69 73 28 0