30
0 13 45 80 63 98 37 32 62 11 36 28 48 57 24 28 21 67 68 79 26 51 53 64 43 35 95 59 57 71
13 0 79 38 88 24 34 98 12 96 94 50 19 28 51 97 34 26 82 36 83 56 91 21 20 22 95 50 73 23
45 79 0 49 94 59 73 27 82 84 24 77 78 15 16 85 65 86 95 50 48 26 44 49 51 68 50 36 71 27
80 38 49 0 97 79 22 55 83 10 50 75 92 83 20 88 73 59 11 83 35 22 95 86 68 32 48 59 54 42
63 88 94 97 0 33 25 46 48 13 35 30 44 97 78 38 56 37 84 35 65 76 29 45 98 78 44 56 43 20
98 24 59 79 33 0 26 45 46 45 67 84 55 33 72 66 40 56 29 49 71 30 52 31 86 69 93 14 96 18
37 34 73 22 25 26 0 94 59 52 48 26 55 38 38 14 60 61 55 66 52 83 85 80 92 69 16 63 77 36
32 98 27 55 46 45 94 0 58 67 52 14 23 92 83 51 59 42 35 20 90 42 24 21 59 96 94 13 88 21
62 12 82 83 48 46 59 58 0 19 19 35 88 20 25 15 93 23 44 49 69 73 58 21 70 71 13 32 60 46
11 96 84 10 13 45 52 67 19 0 97 44 28 92 36 49 32 70 55 46 27 24 88 19 21 51 98 14 37 42
36 94 24 50 35 67 48 52 19 97 0 52 34 93 37 44 16 48 85 88 63 10 81 21 86 87 24 29 34 43
28 50 77 75 30 84 26 14 35 44 52 0 53 42 11 13 67 77 74 71 50 64 51 72 15 89 28 28 51 80
48 19 78 92 44 55 55 23 88 28 34 53 0 80 83 28 15 82 79 22 62 50 18 43 98 48 77 21 39 14
57 28 15 83 97 33 38 92 20 92 93 42 80 0 94 60 77 13 39 20 38 28 86 84 18 56 97 99 81 38
24 51 16 20 78 72 38 83 25 36 37 11 83 94 0 95 28 10 44 12 53 66 42 79 14 77 16 74 60 78
28 97 85 88 38 66 14 51 15 49 44 13 28 60 95 0 75 29 83 72 12 14 83 44 43 62 44 82 53 36
21 34 65 73 56 40 60 59 93 32 16 67 15 77 28 75 0 81 54 63 59 42 97 65 56 40 86 69 64 28
67 26 86 59 37 56 61 42 23 70 48 77 82 13 10 29 81 0 20 58 86 51 76 67 34 49 23 94 53 57
68 82 95 11 84 29 55 35 44 55 85 74 79 39 44 83 54 20 0 72 53 53 58 27 22 46 67 94 45 85
79 36 50 83 35 49 66 20 49 46 88 71 22 20 12 72 63 58 72 0 29 43 68 22 95 16 21 45 19 82
26 83 48 35 65 71 52 90 69 27 63 50 62 38 53 12 59 86 53 29 0 23 66 93 98 57 97 47 94 27
51 56 26 22 76 30 83 42 73 24 10 64 50 28 66 14 42 51 53 43 23 0 18 54 85 44 23 94 21 63
53 91 44 95 29 52 85 24 58 88 81 51 18 86 42 83 97 76 58 68 66 18 0 43 50 72 83 17 88 92
64 21 49 86 45 31 80 21 21 19 21 72 43 84 79 44 65 67 27 22 93 54 43 0 16 91 91 29 50 28
43 20 51 68 98 86 92 59 70 21 86 15 98 18 14 43 56 34 22 95 98 85 50 16 0 35 92 10 29 44
35 22 68 32 78 69 69 96 71 51 87 89 48 56 77 62 40 49 46 16 57 44 72 91 35 0 61 54 28 54
95 95 50 48 44 93 16 94 13 98 24 28 77 97 16 44 86 23 67 21 97 23 83 91 92 61 0 96 81 46
59 50 36 59 56 14 63 13 32 14 29 28 21 99 74 82 69 94 94 45 47 94 17 29 10 54 96 0 81 64
57 73 71 54 43 96 77 88 60 37 34 51 39 81 60 53 64 53 45 19 94 21 88 50 29 28 81 81 0 81
71 23 27 42 20 18 36 21 46 42 43 80 14 38 78 36 28 57 85 82 27 63 92 28 44 54 46 64 81 0