20
0 51 34 32 54 38 96 23 10 29 15 91 73 99 50 78 45 45 66 46
51 0 91 39 46 48 89 66 70 72 22 78 32 81 63 35 97 79 23 79
34 91 0 58 22 69 19 25 24 34 73 60 15 74 91 84 73 19 65 25
32 39 58 0 80 13 98 20 99 32 76 19 66 26 12 96 82 49 67 58
54 46 22 80 0 66 96 42 91 19 44 25 48 85 40 12 44 21 24 34
38 48 69 13 66 0 28 99 44 71 37 77 93 29 63 22 54 78 16 48
96 89 19 98 96 28 0 78 55 66 96 31 18 15 47 60 50 80 34 56
23 66 25 20 42 99 78 0 37 89 55 53 78 70 91 55 17 85 92 75
10 70 24 99 91 44 55 37 0 59 26 71 18 15 41 75 92 77 95 37
29 72 34 32 19 71 66 89 59 0 89 69 32 28 93 68 79 49 49 54
15 22 73 76 44 37 96 55 26 89 0 79 60 40 96 33 92 59 46 50
91 78 60 19 25 77 31 53 71 69 79 0 66 21 31 51 98 19 32 62
73 32 15 66 48 93 18 78 18 32 60 66 0 67 44 49 91 62 32 61
99 81 74 26 85 29 15 70 15 28 40 21 67 0 24 96 90 55 86 43
50 63 91 12 40 63 47 91 41 93 96 31 44 24 0 95 55 92 34 18
78 35 84 96 12 22 60 55 75 68 33 51 49 96 95 0 86 24 89 50
45 97 73 82 44 54 50 17 92 79 92 98 91 90 55 86 0 46 28 59
45 79 19 49 21 78 80 85 77 49 59 19 62 55 92 24 46 0 43 16
66 23 65 67 24 16 34 92 95 49 46 32 32 86 34 89 28 43 0 73
46 79 25 58 34 48 56 75 37 54 50 62 61 43 18 50 59 16 73 0