15
0 64 95 61 27 70 90 17 87 39 45 16 77 57 53
64 0 70 12 37 12 63 42 37 45 36 77 27 23 32
95 70 0 53 89 58 26 37 49 84 56 46 89 44 15
61 12 53 0 77 66 64 76 39 68 48 58 59 56 50
27 37 89 77 0 70 46 46 25 47 65 72 54 54 84
70 12 58 66 70 0 96 97 76 42 14 82 49 75 97
90 63 26 64 46 96 0 71 78 36 36 82 70 86 63
17 42 37 76 46 97 71 0 48 10 46 74 86 75 99
87 37 49 39 25 76 78 48 0 35 35 50 79 10 55
39 45 84 68 47 42 36 10 35 0 63 11 43 89 32
45 36 56 48 65 14 36 46 35 63 0 11 82 15 29
16 77 46 58 72 82 82 74 50 11 11 0 79 36 94
77 27 89 59 54 49 70 86 79 43 82 79 0 33 78
57 23 44 56 54 75 86 75 10 89 15 36 33 0 31
53 32 15 50 84 97 63 99 55 32 29 94 78 31 0