25
0 39 39 21 49 12 13 51 16 70 48 57 30 24 26 58 62 61 10 80 32 48 44 43 96
39 0 48 25 24 29 16 67 52 15 47 14 49 73 77 61 42 15 67 81 17 71 84 27 67
39 48 0 10 59 12 16 54 68 27 42 26 67 74 75 30 64 28 26 39 62 95 75 60 31
21 25 10 0 48 19 15 16 99 70 29 57 54 96 13 15 74 72 68 26 69 86 92 23 89
49 24 59 48 0 18 70 61 32 12 74 98 23 62 96 45 84 99 78 50 50 80 34 58 55
12 29 12 19 18 0 30 47 76 17 36 88 40 24 57 43 32 39 79 29 22 55 30 42 34
13 16 16 15 70 30 0 10 54 81 13 57 31 83 77 67 91 81 84 21 46 69 90 21 47
51 67 54 16 61 47 10 0 83 57 28 96 70 18 67 31 51 31 99 31 57 36 23 16 60
16 52 68 99 32 76 54 83 0 96 44 71 11 18 49 40 30 40 99 49 47 97 53 50 84
70 15 27 70 12 17 81 57 96 0 69 31 34 82 75 30 11 44 57 12 87 53 13 71 70
48 47 42 29 74 36 13 28 44 69 0 49 68 16 32 48 14 70 94 66 83 20 99 87 20
57 14 26 57 98 88 57 96 71 31 49 0 92 80 72 14 38 48 43 99 43 21 74 62 53
30 49 67 54 23 40 31 70 11 34 68 92 0 87 17 31 51 35 23 27 18 61 12 28 60
24 73 74 96 62 24 83 18 18 82 16 80 87 0 57 32 86 91 59 92 18 93 80 21 23
26 77 75 13 96 57 77 67 49 75 32 72 17 57 0 55 73 33 71 73 56 83 82 77 24
58 61 30 15 45 43 67 31 40 30 48 14 31 32 55 0 49 47 93 25 64 56 71 63 40
62 42 64 74 84 32 91 51 30 11 14 38 51 86 73 49 0 87 40 38 78 68 39 10 94
61 15 28 72 99 39 81 31 40 44 70 48 35 91 33 47 87 0 55 20 56 27 39 19 45
10 67 26 68 78 79 84 99 99 57 94 43 23 59 71 93 40 55 0 73 84 65 11 60 73
80 81 39 26 50 29 21 31 49 12 66 99 27 92 73 25 38 20 73 0 25 23 46 19 56
32 17 62 69 50 22 46 57 47 87 83 43 18 18 56 64 78 56 84 25 0 52 27 89 55
48 71 95 86 80 55 69 36 97 53 20 21 61 93 83 56 68 27 65 23 52 0 25 84 61
44 84 75 92 34 30 90 23 53 13 99 74 12 80 82 71 39 39 11 46 27 25 0 72 25
43 27 60 23 58 42 21 16 50 71 87 62 28 21 77 63 10 19 60 19 89 84 72 0 14
96 67 31 89 55 34 47 60 84 70 20 53 60 23 24 40 94 45 73 56 55 61 25 14 0