30
0 63 62 42 29 16 42 61 47 33 79 50 52 21 39 70 98 46 64 98 29 59 79 88 83 29 36 16 41 58
63 0 86 84 98 66 33 55 80 45 24 50 73 95 43 34 22 83 40 73 71 12 34 38 50 93 13 23 43 50
62 86 0 28 67 96 62 60 96 55 88 40 28 63 22 91 14 41 32 98 20 30 67 64 55 78 73 50 83 54
42 84 28 0 56 42 47 13 52 51 86 60 27 46 73 70 95 64 69 26 67 66 30 43 46 62 64 68 42 28
29 98 67 56 0 84 78 31 80 80 60 59 23 66 22 78 83 15 90 45 23 14 48 21 72 42 17 47 83 25
16 66 96 42 84 0 85 14 30 10 48 20 39 63 56 82 75 61 45 68 11 91 72 54 64 59 55 69 34 48
42 33 62 47 78 85 0 54 77 23 57 62 12 49 82 73 81 91 87 39 11 58 51 96 73 65 36 78 11 72
61 55 60 13 31 14 54 0 38 38 80 51 38 98 57 44 73 30 51 66 32 32 20 29 23 23 81 84 59 92
47 80 96 52 80 30 77 38 0 26 78 59 80 20 31 56 57 67 17 17 73 75 78 87 83 90 88 90 33 71
33 45 55 51 80 10 23 38 26 0 34 43 68 27 82 66 96 14 27 39 72 37 82 31 20 12 11 18 99 17
79 24 88 86 60 48 57 80 78 34 0 44 91 73 20 42 58 12 28 76 90 87 74 10 27 73 31 25 31 93
50 50 40 60 59 20 62 51 59 43 44 0 20 63 86 40 54 92 24 74 93 64 53 31 96 96 81 62 84 15
52 73 28 27 23 39 12 38 80 68 91 20 0 39 70 30 23 84 42 45 84 11 82 94 19 33 85 93 18 31
21 95 63 46 66 63 49 98 20 27 73 63 39 0 96 72 42 51 70 38 20 34 80 91 94 76 96 39 67 82
39 43 22 73 22 56 82 57 31 82 20 86 70 96 0 91 95 59 56 45 48 95 98 97 16 23 91 17 87 84
70 34 91 70 78 82 73 44 56 66 42 40 30 72 91 0 43 18 35 56 92 29 30 41 26 94 37 26 33 44
98 22 14 95 83 75 81 73 57 96 58 54 23 42 95 43 0 72 26 42 24 62 27 93 66 68 97 26 64 87
46 83 41 64 15 61 91 30 67 14 12 92 84 51 59 18 72 0 60 70 17 34 71 23 69 13 40 32 30 60
64 40 32 69 90 45 87 51 17 27 28 24 42 70 56 35 26 60 0 42 77 76 10 79 55 92 78 32 43 48
98 73 98 26 45 68 39 66 17 39 76 74 45 38 45 56 42 70 42 0 93 66 95 75 96 71 25 15 49 10
29 71 20 67 23 11 11 32 73 72 90 93 84 20 48 92 24 17 77 93 0 18 37 24 62 91 33 17 30 16
59 12 30 66 14 91 58 32 75 37 87 64 11 34 95 29 62 34 76 66 18 0 87 51 14 83 20 63 54 74
79 34 67 30 48 72 51 20 78 82 74 53 82 80 98 30 27 71 10 95 37 87 0 30 70 20 57 79 22 67
88 38 64 43 21 54 96 29 87 31 10 31 94 91 97 41 93 23 79 75 24 51 30 0 11 60 72 29 42 11
83 50 55 46 72 64 73 23 83 20 27 96 19 94 16 26 66 69 55 96 62 14 70 11 0 92 61 13 87 22
29 93 78 62 42 59 65 23 90 12 73 96 33 76 23 94 68 13 92 71 91 83 20 60 92 0 99 86 17 36
36 13 73 64 17 55 36 81 88 11 31 81 85 96 91 37 97 40 78 25 33 20 57 72 61 99 0 76 29 90
16 23 50 68 47 69 78 84 90 18 25 62 93 39 17 26 26 32 32 15 17 63 79 29 13 86 76 0 21 75
41 43 83 42 83 34 11 59 33 99 31 84 18 67 87 33 64 30 43 49 30 54 22 42 87 17 29 21 0 44
58 50 54 28 25 48 72 92 71 17 93 15 31 82 84 44 87 60 48 10 16 74 67 11 22 36 90 75 44 0