10
0 64 23 60 73 93 53 87 28 94
64 0 56 72 96 41 45 99 96 44
23 56 0 50 57 47 98 44 85 59
60 72 50 0 41 26 23 42 11 26
73 96 57 41 0 79 88 26 13 41
93 41 47 26 79 0 70 54 29 97
53 45 98 23 88 70 0 76 92 34
87 99 44 42 26 54 76 0 89 82
28 96 85 11 13 29 92 89 0 19
94 44 59 26 41 97 34 82 19 0