15
0 28 78 65 21 45 36 68 99 45 69 62 15 89 90
28 0 19 91 30 77 49 92 17 74 49 46 64 19 96
78 19 0 56 16 19 31 73 83 45 68 49 23 15 22
65 91 56 0 64 15 65 63 88 10 72 12 63 24 58
21 30 16 64 0 83 27 57 36 13 52 19 67 44 38
45 77 19 15 83 0 60 57 90 28 15 92 16 59 54
36 49 31 65 27 60 0 33 90 29 41 83 72 19 56
68 92 73 63 57 57 33 0 34 24 51 32 14 84 83
99 17 83 88 36 90 90 34 0 88 62 73 60 87 43
45 74 45 10 13 28 29 24 88 0 73 51 49 48 91
69 49 68 72 52 15 41 51 62 73 0 17 30 59 61
62 46 49 12 19 92 83 32 73 51 17 0 99 62 72
15 64 23 63 67 16 72 14 60 49 30 99 0 20 17
89 19 15 24 44 59 19 84 87 48 59 62 20 0 13
90 96 22 58 38 54 56 83 43 91 61 72 17 13 0