20
0 23 56 67 91 24 69 83 52 37 55 24 55 33 75 61 58 18 96 82
23 0 65 64 14 26 84 82 85 92 54 36 76 42 68 57 49 64 69 37
56 65 0 46 83 95 70 57 78 23 74 98 90 43 95 74 91 34 37 67
67 64 46 0 24 97 21 72 62 83 90 28 10 65 45 30 67 16 12 57
91 14 83 24 0 27 95 49 88 54 58 99 64 77 84 26 79 12 28 82
24 26 95 97 27 0 63 72 32 82 33 48 65 72 24 54 46 95 30 73
69 84 70 21 95 63 0 14 43 54 95 83 96 45 37 85 52 74 55 13
83 82 57 72 49 72 14 0 23 64 82 13 98 26 97 54 54 31 28 10
52 85 78 62 88 32 43 23 0 57 18 84 80 89 80 59 79 87 79 97
37 92 23 83 54 82 54 64 57 0 41 10 22 44 73 64 39 32 68 88
55 54 74 90 58 33 95 82 18 41 0 27 31 31 20 66 49 35 13 76
24 36 98 28 99 48 83 13 84 10 27 0 65 96 86 36 73 27 72 95
55 76 90 10 64 65 96 98 80 22 31 65 0 94 59 24 54 94 42 32
33 42 43 65 77 72 45 26 89 44 31 96 94 0 75 54 58 70 61 21
75 68 95 45 84 24 37 97 80 73 20 86 59 75 0 81 29 28 34 41
61 57 74 30 26 54 85 54 59 64 66 36 24 54 81 0 85 50 45 68
58 49 91 67 79 46 52 54 79 39 49 73 54 58 29 85 0 90 88 45
18 64 34 16 12 95 74 31 87 32 35 27 94 70 28 50 90 0 67 30
96 69 37 12 28 30 55 28 79 68 13 72 42 61 34 45 88 67 0 73
82 37 67 57 82 73 13 10 97 88 76 95 32 21 41 68 45 30 73 0