15
0 69 25 96 75 63 41 47 98 63 96 33 20 78 33
69 0 73 21 29 57 36 67 91 61 76 53 28 67 49
25 73 0 44 23 36 47 58 89 49 20 52 10 21 61
96 21 44 0 97 43 95 14 56 88 67 39 46 56 97
75 29 23 97 0 84 23 71 50 22 27 29 89 27 46
63 57 36 43 84 0 13 51 88 48 82 53 45 82 55
41 36 47 95 23 13 0 95 52 26 26 41 94 40 79
47 67 58 14 71 51 95 0 90 43 55 32 36 16 78
98 91 89 56 50 88 52 90 0 86 83 29 13 71 28
63 61 49 88 22 48 26 43 86 0 49 93 22 36 23
96 76 20 67 27 82 26 55 83 49 0 37 30 98 64
33 53 52 39 29 53 41 32 29 93 37 0 16 64 52
20 28 10 46 89 45 94 36 13 22 30 16 0 14 80
78 67 21 56 27 82 40 16 71 36 98 64 14 0 89
33 49 61 97 46 55 79 78 28 23 64 52 80 89 0