30
0 50 10 57 16 36 95 44 58 78 87 34 43 89 92 39 77 25 72 84 33 76 37 89 17 56 33 98 26 73
50 0 67 10 76 93 63 73 94 62 98 68 52 42 38 14 72 16 98 92 52 60 86 13 10 78 35 37 81 55
10 67 0 50 25 37 91 74 66 10 50 29 76 29 63 74 78 99 80 49 96 21 78 98 64 48 18 51 82 85
57 10 50 0 52 69 77 39 93 10 63 64 87 60 99 60 24 43 49 67 50 67 42 24 79 15 41 40 65 62
16 76 25 52 0 90 54 21 20 70 84 68 99 54 50 68 58 17 33 95 29 92 71 12 88 23 10 86 78 48
36 93 37 69 90 0 60 33 76 68 63 25 96 58 26 11 29 30 37 58 30 18 13 83 35 62 26 74 90 57
95 63 91 77 54 60 0 37 35 82 25 11 37 59 65 88 30 87 78 17 87 25 70 40 62 28 69 11 22 47
44 73 74 39 21 33 37 0 28 34 44 18 41 69 36 48 44 15 36 90 18 27 75 44 30 81 57 33 30 41
58 94 66 93 20 76 35 28 0 86 21 88 32 33 94 88 37 94 14 82 47 30 50 58 42 55 87 97 57 59
78 62 10 10 70 68 82 34 86 0 43 29 80 77 68 39 56 11 72 53 86 19 85 79 12 51 45 73 56 98
87 98 50 63 84 63 25 44 21 43 0 10 63 57 66 42 98 18 18 96 21 72 52 67 43 77 27 21 94 82
34 68 29 64 68 25 11 18 88 29 10 0 12 25 74 25 88 61 58 84 47 10 87 71 55 50 29 15 42 35
43 52 76 87 99 96 37 41 32 80 63 12 0 56 10 27 48 24 64 56 84 46 60 47 85 73 35 55 14 60
89 42 29 60 54 58 59 69 33 77 57 25 56 0 21 66 64 47 47 33 47 95 29 53 51 91 39 90 85 73
92 38 63 99 50 26 65 36 94 68 66 74 10 21 0 59 66 13 77 74 63 93 79 22 81 54 45 61 24 84
39 14 74 60 68 11 88 48 88 39 42 25 27 66 59 0 58 98 19 28 29 15 49 75 26 57 61 80 11 67
77 72 78 24 58 29 30 44 37 56 98 88 48 64 66 58 0 41 51 59 34 27 14 61 24 25 28 99 95 76
25 16 99 43 17 30 87 15 94 11 18 61 24 47 13 98 41 0 33 25 55 56 33 24 43 43 14 84 28 57
72 98 80 49 33 37 78 36 14 72 18 58 64 47 77 19 51 33 0 58 75 25 44 96 60 67 78 68 26 84
84 92 49 67 95 58 17 90 82 53 96 84 56 33 74 28 59 25 58 0 16 59 61 50 72 52 92 54 19 73
33 52 96 50 29 30 87 18 47 86 21 47 84 47 63 29 34 55 75 16 0 33 65 80 73 89 45 39 53 34
76 60 21 67 92 18 25 27 30 19 72 10 46 95 93 15 27 56 25 59 33 0 74 98 17 30 32 98 54 94
37 86 78 42 71 13 70 75 50 85 52 87 60 29 79 49 14 33 44 61 65 74 0 37 85 55 46 18 18 61
89 13 98 24 12 83 40 44 58 79 67 71 47 53 22 75 61 24 96 50 80 98 37 0 60 18 66 95 48 21
17 10 64 79 88 35 62 30 42 12 43 55 85 51 81 26 24 43 60 72 73 17 85 60 0 92 93 26 15 13
56 78 48 15 23 62 28 81 55 51 77 50 73 91 54 57 25 43 67 52 89 30 55 18 92 0 91 81 93 24
33 35 18 41 10 26 69 57 87 45 27 29 35 39 45 61 28 14 78 92 45 32 46 66 93 91 0 30 71 65
98 37 51 40 86 74 11 33 97 73 21 15 55 90 61 80 99 84 68 54 39 98 18 95 26 81 30 0 41 52
26 81 82 65 78 90 22 30 57 56 94 42 14 85 24 11 95 28 26 19 53 54 18 48 15 93 71 41 0 84
73 55 85 62 48 57 47 41 59 98 82 35 60 73 84 67 76 57 84 73 34 94 61 21 13 24 65 52 84 0