15
0 18 73 28 48 72 40 24 43 31 70 41 19 12 72
18 0 15 16 45 11 28 30 52 13 76 24 83 64 88
73 15 0 68 40 33 64 20 71 66 27 52 65 45 65
28 16 68 0 41 19 99 26 40 67 67 34 44 81 24
48 45 40 41 0 11 81 41 78 43 17 98 99 76 81
72 11 33 19 11 0 13 26 37 78 43 45 92 84 10
40 28 64 99 81 13 0 27 39 97 60 74 19 93 84
24 30 20 26 41 26 27 0 42 52 50 67 65 99 78
43 52 71 40 78 37 39 42 0 62 32 83 96 84 63
31 13 66 67 43 78 97 52 62 0 10 86 89 90 29
70 76 27 67 17 43 60 50 32 10 0 21 54 78 49
41 24 52 34 98 45 74 67 83 86 21 0 95 43 99
19 83 65 44 99 92 19 65 96 89 54 95 0 47 48
12 64 45 81 76 84 93 99 84 90 78 43 47 0 52
72 88 65 24 81 10 84 78 63 29 49 99 48 52 0