20
0 21 88 39 39 85 87 97 54 68 95 26 12 94 27 77 35 44 51 99
21 0 76 96 17 29 41 51 53 65 73 71 51 83 43 43 78 49 58 57
88 76 0 75 94 33 21 81 94 31 94 77 35 97 44 16 74 60 35 33
39 96 75 0 22 72 50 17 68 98 36 49 53 84 54 21 16 92 82 81
39 17 94 22 0 96 45 51 44 55 93 52 90 86 82 61 57 43 81 63
85 29 33 72 96 0 32 58 80 91 37 89 93 40 21 85 74 34 10 45
87 41 21 50 45 32 0 93 11 17 32 59 42 55 79 37 42 94 17 55
97 51 81 17 51 58 93 0 33 20 63 99 17 24 11 13 50 91 17 79
54 53 94 68 44 80 11 33 0 77 89 29 30 75 16 93 64 40 61 48
68 65 31 98 55 91 17 20 77 0 89 89 26 34 43 43 63 74 89 76
95 73 94 36 93 37 32 63 89 89 0 32 48 57 68 75 18 67 82 24
26 71 77 49 52 89 59 99 29 89 32 0 73 36 26 43 81 27 80 31
12 51 35 53 90 93 42 17 30 26 48 73 0 93 64 72 58 97 44 37
94 83 97 84 86 40 55 24 75 34 57 36 93 0 63 55 55 16 15 34
27 43 44 54 82 21 79 11 16 43 68 26 64 63 0 98 82 72 84 22
77 43 16 21 61 85 37 13 93 43 75 43 72 55 98 0 87 19 67 79
35 78 74 16 57 74 42 50 64 63 18 81 58 55 82 87 0 43 46 10
44 49 60 92 43 34 94 91 40 74 67 27 97 16 72 19 43 0 47 49
51 58 35 82 81 10 17 17 61 89 82 80 44 15 84 67 46 47 0 67
99 57 33 81 63 45 55 79 48 76 24 31 37 34 22 79 10 49 67 0