15
0 59 41 77 77 36 48 56 69 42 35 27 30 41 89
59 0 79 17 94 12 63 16 90 50 60 30 78 65 82
41 79 0 53 79 76 34 75 78 92 65 38 37 95 83
77 17 53 0 67 73 61 91 84 18 82 10 17 65 97
77 94 79 67 0 40 77 10 57 95 83 33 25 69 20
36 12 76 73 40 0 14 77 67 21 64 27 39 38 27
48 63 34 61 77 14 0 79 15 39 22 46 83 20 60
56 16 75 91 10 77 79 0 20 89 93 81 46 30 28
69 90 78 84 57 67 15 20 0 29 76 78 57 27 78
42 50 92 18 95 21 39 89 29 0 23 19 55 25 25
35 60 65 82 83 64 22 93 76 23 0 33 82 32 65
27 30 38 10 33 27 46 81 78 19 33 0 39 74 27
30 78 37 17 25 39 83 46 57 55 82 39 0 44 32
41 65 95 65 69 38 20 30 27 25 32 74 44 0 13
89 82 83 97 20 27 60 28 78 25 65 27 32 13 0