20
0 54 59 62 33 37 31 99 38 41 77 24 34 11 74 13 10 63 57 81
54 0 70 84 75 23 68 21 15 61 52 90 70 47 78 52 88 54 28 62
59 70 0 65 79 74 63 47 66 84 71 61 33 93 92 68 51 17 27 28
62 84 65 0 73 64 41 37 12 51 57 84 45 34 62 67 40 32 56 14
33 75 79 73 0 40 32 15 95 13 63 88 40 23 54 75 90 52 86 85
37 23 74 64 40 0 50 71 55 24 77 62 56 95 93 58 17 55 30 35
31 68 63 41 32 50 0 36 21 53 95 77 28 61 72 19 48 40 72 35
99 21 47 37 15 71 36 0 49 14 22 57 71 92 77 77 66 60 47 87
38 15 66 12 95 55 21 49 0 92 95 16 50 80 79 59 64 76 37 77
41 61 84 51 13 24 53 14 92 0 99 11 15 48 33 47 71 79 75 63
77 52 71 57 63 77 95 22 95 99 0 32 46 81 89 42 54 61 31 26
24 90 61 84 88 62 77 57 16 11 32 0 33 23 18 67 44 98 25 38
34 70 33 45 40 56 28 71 50 15 46 33 0 30 41 16 14 84 76 92
11 47 93 34 23 95 61 92 80 48 81 23 30 0 13 62 22 49 81 61
74 78 92 62 54 93 72 77 79 33 89 18 41 13 0 89 75 33 92 34
13 52 68 67 75 58 19 77 59 47 42 67 16 62 89 0 20 19 93 19
10 88 51 40 90 17 48 66 64 71 54 44 14 22 75 20 0 18 47 14
63 54 17 32 52 55 40 60 76 79 61 98 84 49 33 19 18 0 89 86
57 28 27 56 86 30 72 47 37 75 31 25 76 81 92 93 47 89 0 46
81 62 28 14 85 35 35 87 77 63 26 38 92 61 34 19 14 86 46 0