25
0 61 70 95 50 25 32 47 91 38 74 14 38 39 31 36 83 29 81 28 93 77 32 52 70
61 0 51 36 85 16 18 51 19 60 75 62 31 50 71 70 54 91 90 51 92 26 38 33 73
70 51 0 89 78 65 53 91 99 89 69 99 25 86 39 56 62 43 16 79 62 91 58 16 81
95 36 89 0 18 85 76 67 31 79 62 17 45 42 60 71 44 62 37 57 32 67 62 31 83
50 85 78 18 0 98 29 86 26 67 52 81 62 40 40 34 98 49 66 44 39 44 27 67 79
25 16 65 85 98 0 77 69 45 24 89 13 60 54 33 52 69 56 14 67 18 35 37 88 91
32 18 53 76 29 77 0 93 76 84 48 72 87 25 46 59 44 62 13 18 38 14 51 60 85
47 51 91 67 86 69 93 0 85 99 27 40 76 86 70 55 81 16 53 13 14 83 42 65 47
91 19 99 31 26 45 76 85 0 88 89 91 95 20 11 77 74 10 75 56 48 87 59 82 47
38 60 89 79 67 24 84 99 88 0 28 69 13 35 59 67 86 76 75 63 88 60 62 85 22
74 75 69 62 52 89 48 27 89 28 0 57 25 11 46 51 61 59 76 87 23 83 84 93 33
14 62 99 17 81 13 72 40 91 69 57 0 43 61 56 19 69 72 71 13 84 47 33 62 59
38 31 25 45 62 60 87 76 95 13 25 43 0 51 73 18 96 11 68 11 38 76 84 68 93
39 50 86 42 40 54 25 86 20 35 11 61 51 0 27 76 33 93 92 88 56 85 44 29 73
31 71 39 60 40 33 46 70 11 59 46 56 73 27 0 41 75 27 63 53 12 15 93 38 38
36 70 56 71 34 52 59 55 77 67 51 19 18 76 41 0 59 30 57 65 19 70 42 29 51
83 54 62 44 98 69 44 81 74 86 61 69 96 33 75 59 0 70 48 12 55 19 45 89 84
29 91 43 62 49 56 62 16 10 76 59 72 11 93 27 30 70 0 87 42 52 70 26 77 71
81 90 16 37 66 14 13 53 75 75 76 71 68 92 63 57 48 87 0 53 94 61 90 59 37
28 51 79 57 44 67 18 13 56 63 87 13 11 88 53 65 12 42 53 0 49 42 13 97 87
93 92 62 32 39 18 38 14 48 88 23 84 38 56 12 19 55 52 94 49 0 20 29 37 59
77 26 91 67 44 35 14 83 87 60 83 47 76 85 15 70 19 70 61 42 20 0 78 94 28
32 38 58 62 27 37 51 42 59 62 84 33 84 44 93 42 45 26 90 13 29 78 0 51 10
52 33 16 31 67 88 60 65 82 85 93 62 68 29 38 29 89 77 59 97 37 94 51 0 53
70 73 81 83 79 91 85 47 47 22 33 59 93 73 38 51 84 71 37 87 59 28 10 53 0