15
0 36 91 22 64 15 99 88 71 29 97 70 39 95 86
36 0 30 48 42 52 92 22 54 82 76 99 29 86 26
91 30 0 98 73 18 54 87 78 41 89 38 23 26 23
22 48 98 0 76 48 98 74 24 20 61 74 66 36 10
64 42 73 76 0 34 21 24 87 88 30 43 93 44 75
15 52 18 48 34 0 93 58 69 27 10 44 51 18 78
99 92 54 98 21 93 0 44 66 11 31 21 33 65 13
88 22 87 74 24 58 44 0 56 42 24 46 25 89 25
71 54 78 24 87 69 66 56 0 34 74 58 42 29 80
29 82 41 20 88 27 11 42 34 0 37 24 65 39 61
97 76 89 61 30 10 31 24 74 37 0 90 76 39 15
70 99 38 74 43 44 21 46 58 24 90 0 43 69 22
39 29 23 66 93 51 33 25 42 65 76 43 0 30 33
95 86 26 36 44 18 65 89 29 39 39 69 30 0 81
86 26 23 10 75 78 13 25 80 61 15 22 33 81 0