15
0 77 14 69 20 18 12 32 17 69 73 56 48 65 83
77 0 42 15 76 36 68 73 77 20 30 47 90 55 96
14 42 0 53 91 84 33 93 97 35 67 91 33 88 10
69 15 53 0 51 89 54 41 37 33 30 77 64 92 18
20 76 91 51 0 85 59 99 51 48 69 87 66 13 71
18 36 84 89 85 0 47 71 32 88 63 87 17 51 14
12 68 33 54 59 47 0 11 74 58 49 76 51 87 34
32 73 93 41 99 71 11 0 29 76 24 27 70 51 87
17 77 97 37 51 32 74 29 0 87 35 88 87 90 55
69 20 35 33 48 88 58 76 87 0 62 87 54 91 96
73 30 67 30 69 63 49 24 35 62 0 91 46 17 37
56 47 91 77 87 87 76 27 88 87 91 0 31 94 69
48 90 33 64 66 17 51 70 87 54 46 31 0 76 26
65 55 88 92 13 51 87 51 90 91 17 94 76 0 13
83 96 10 18 71 14 34 87 55 96 37 69 26 13 0