15
0 97 62 40 19 41 24 38 54 89 56 48 60 52 22
97 0 41 34 38 86 93 15 56 48 68 52 40 97 46
62 41 0 98 45 32 44 61 46 24 82 45 67 55 63
40 34 98 0 77 94 65 11 97 71 78 48 36 88 73
19 38 45 77 0 86 73 88 68 86 69 13 38 31 56
41 86 32 94 86 0 79 97 23 49 80 88 62 62 87
24 93 44 65 73 79 0 38 59 65 55 24 53 26 25
38 15 61 11 88 97 38 0 53 83 62 73 20 77 95
54 56 46 97 68 23 59 53 0 28 90 97 78 33 40
89 48 24 71 86 49 65 83 28 0 39 33 63 81 27
56 68 82 78 69 80 55 62 90 39 0 62 79 95 90
48 52 45 48 13 88 24 73 97 33 62 0 87 47 65
60 40 67 36 38 62 53 20 78 63 79 87 0 27 90
52 97 55 88 31 62 26 77 33 81 95 47 27 0 81
22 46 63 73 56 87 25 95 40 27 90 65 90 81 0