15
0 32 15 62 10 83 39 59 53 15 48 84 17 86 55
32 0 48 43 96 63 60 36 54 72 11 31 14 21 26
15 48 0 11 49 80 63 80 31 82 68 12 46 50 76
62 43 11 0 96 26 43 40 38 58 55 21 20 86 17
10 96 49 96 0 79 28 43 10 78 20 77 16 83 17
83 63 80 26 79 0 15 18 26 95 60 27 21 76 28
39 60 63 43 28 15 0 29 40 93 93 81 96 78 62
59 36 80 40 43 18 29 0 87 39 63 52 18 22 69
53 54 31 38 10 26 40 87 0 54 24 19 51 74 15
15 72 82 58 78 95 93 39 54 0 94 82 50 92 88
48 11 68 55 20 60 93 63 24 94 0 87 81 42 56
84 31 12 21 77 27 81 52 19 82 87 0 53 52 79
17 14 46 20 16 21 96 18 51 50 81 53 0 38 65
86 21 50 86 83 76 78 22 74 92 42 52 38 0 37
55 26 76 17 17 28 62 69 15 88 56 79 65 37 0