15
0 81 71 34 45 90 96 10 89 96 37 25 88 88 53
81 0 22 34 86 12 35 75 26 92 49 70 60 90 98
71 22 0 32 60 46 85 36 89 65 64 73 72 19 38
34 34 32 0 37 16 87 39 38 77 58 84 51 64 96
45 86 60 37 0 76 54 59 57 57 31 94 45 79 92
90 12 46 16 76 0 57 63 55 98 85 41 41 93 35
96 35 85 87 54 57 0 68 85 73 78 88 23 28 83
10 75 36 39 59 63 68 0 60 74 45 58 72 15 91
89 26 89 38 57 55 85 60 0 42 25 18 58 85 11
96 92 65 77 57 98 73 74 42 0 39 19 51 31 98
37 49 64 58 31 85 78 45 25 39 0 92 48 45 85
25 70 73 84 94 41 88 58 18 19 92 0 10 20 12
88 60 72 51 45 41 23 72 58 51 48 10 0 84 99
88 90 19 64 79 93 28 15 85 31 45 20 84 0 34
53 98 38 96 92 35 83 91 11 98 85 12 99 34 0