15
0 12 46 36 67 68 98 31 99 25 79 84 95 35 25
12 0 70 87 87 96 90 40 22 64 28 25 59 35 64
46 70 0 34 90 35 40 16 81 65 83 41 48 20 54
36 87 34 0 68 74 23 94 83 71 37 43 11 87 70
67 87 90 68 0 32 82 15 78 79 73 17 99 77 87
68 96 35 74 32 0 11 36 80 66 73 30 25 90 73
98 90 40 23 82 11 0 76 84 48 96 34 32 66 51
31 40 16 94 15 36 76 0 59 33 11 13 83 37 16
99 22 81 83 78 80 84 59 0 86 99 87 36 63 12
25 64 65 71 79 66 48 33 86 0 85 62 33 17 59
79 28 83 37 73 73 96 11 99 85 0 59 21 74 52
84 25 41 43 17 30 34 13 87 62 59 0 72 28 72
95 59 48 11 99 25 32 83 36 33 21 72 0 90 13
35 35 20 87 77 90 66 37 63 17 74 28 90 0 40
25 64 54 70 87 73 51 16 12 59 52 72 13 40 0