15
0 56 75 23 64 94 47 86 46 70 85 90 92 77 62
56 0 31 71 79 20 68 50 71 66 17 95 18 98 83
75 31 0 59 34 11 28 25 36 90 13 46 14 86 24
23 71 59 0 39 26 80 91 80 14 39 28 91 25 95
64 79 34 39 0 30 58 94 32 99 76 58 88 22 84
94 20 11 26 30 0 52 49 54 37 70 88 70 74 87
47 68 28 80 58 52 0 67 14 14 61 56 97 30 37
86 50 25 91 94 49 67 0 53 24 10 84 79 96 94
46 71 36 80 32 54 14 53 0 93 97 37 28 92 95
70 66 90 14 99 37 14 24 93 0 70 83 41 45 57
85 17 13 39 76 70 61 10 97 70 0 18 52 24 73
90 95 46 28 58 88 56 84 37 83 18 0 64 26 91
92 18 14 91 88 70 97 79 28 41 52 64 0 47 36
77 98 86 25 22 74 30 96 92 45 24 26 47 0 19
62 83 24 95 84 87 37 94 95 57 73 91 36 19 0