15
0 70 45 31 90 95 74 39 12 44 31 34 15 44 91
70 0 66 18 17 12 29 32 29 99 91 87 14 71 22
45 66 0 40 87 13 50 78 16 90 72 52 37 58 61
31 18 40 0 54 24 58 36 43 71 42 80 83 61 68
90 17 87 54 0 37 38 10 62 12 15 18 67 39 67
95 12 13 24 37 0 40 43 66 54 91 38 42 12 86
74 29 50 58 38 40 0 54 89 85 71 53 17 79 35
39 32 78 36 10 43 54 0 46 48 60 75 53 75 77
12 29 16 43 62 66 89 46 0 25 11 83 53 72 10
44 99 90 71 12 54 85 48 25 0 98 72 74 78 43
31 91 72 42 15 91 71 60 11 98 0 58 95 48 54
34 87 52 80 18 38 53 75 83 72 58 0 45 97 62
15 14 37 83 67 42 17 53 53 74 95 45 0 70 84
44 71 58 61 39 12 79 75 72 78 48 97 70 0 14
91 22 61 68 67 86 35 77 10 43 54 62 84 14 0