15
0 88 34 17 90 77 14 82 13 16 97 30 74 30 65
88 0 37 32 53 64 60 39 21 96 72 63 23 35 63
34 37 0 53 79 71 25 10 81 29 14 67 84 11 32
17 32 53 0 66 14 55 17 51 47 20 99 40 42 38
90 53 79 66 0 40 91 84 21 36 82 60 87 11 61
77 64 71 14 40 0 88 35 73 83 54 57 37 24 86
14 60 25 55 91 88 0 22 21 45 21 51 13 89 13
82 39 10 17 84 35 22 0 97 47 37 13 44 41 12
13 21 81 51 21 73 21 97 0 31 67 22 77 65 55
16 96 29 47 36 83 45 47 31 0 18 94 33 89 42
97 72 14 20 82 54 21 37 67 18 0 88 89 73 71
30 63 67 99 60 57 51 13 22 94 88 0 98 85 11
74 23 84 40 87 37 13 44 77 33 89 98 0 68 81
30 35 11 42 11 24 89 41 65 89 73 85 68 0 23
65 63 32 38 61 86 13 12 55 42 71 11 81 23 0