15
0 15 58 70 29 57 20 58 46 57 61 51 82 96 59
15 0 48 46 20 78 63 10 54 63 41 82 15 18 44
58 48 0 92 48 74 58 27 46 94 47 90 19 56 86
70 46 92 0 36 11 83 60 52 58 86 61 17 41 86
29 20 48 36 0 72 38 64 79 14 73 34 87 74 80
57 78 74 11 72 0 27 80 88 53 30 95 30 86 28
20 63 58 83 38 27 0 44 27 66 92 88 36 66 59
58 10 27 60 64 80 44 0 10 18 91 51 98 59 13
46 54 46 52 79 88 27 10 0 71 39 69 91 29 77
57 63 94 58 14 53 66 18 71 0 95 45 68 36 67
61 41 47 86 73 30 92 91 39 95 0 91 50 81 96
51 82 90 61 34 95 88 51 69 45 91 0 47 72 89
82 15 19 17 87 30 36 98 91 68 50 47 0 66 48
96 18 56 41 74 86 66 59 29 36 81 72 66 0 42
59 44 86 86 80 28 59 13 77 67 96 89 48 42 0