15
0 85 48 55 90 23 67 89 63 60 32 27 87 59 90
85 0 16 39 38 24 35 82 86 42 51 32 96 26 93
48 16 0 93 31 72 98 74 61 76 27 64 43 11 79
55 39 93 0 35 35 55 81 18 97 25 78 15 15 92
90 38 31 35 0 60 36 43 30 44 83 61 76 12 46
23 24 72 35 60 0 26 78 97 69 75 82 47 52 63
67 35 98 55 36 26 0 36 96 83 33 21 73 61 86
89 82 74 81 43 78 36 0 37 44 12 35 24 33 43
63 86 61 18 30 97 96 37 0 94 18 55 16 17 91
60 42 76 97 44 69 83 44 94 0 54 51 49 38 63
32 51 27 25 83 75 33 12 18 54 0 22 47 32 68
27 32 64 78 61 82 21 35 55 51 22 0 84 43 90
87 96 43 15 76 47 73 24 16 49 47 84 0 42 16
59 26 11 15 12 52 61 33 17 38 32 43 42 0 41
90 93 79 92 46 63 86 43 91 63 68 90 16 41 0