15
0 58 76 32 66 16 62 59 97 99 21 53 17 10 75
58 0 43 58 72 18 52 57 13 31 96 93 15 40 79
76 43 0 83 20 28 41 99 95 83 91 37 57 39 77
32 58 83 0 38 17 85 95 69 82 40 55 16 85 25
66 72 20 38 0 48 87 25 86 81 91 96 53 18 36
16 18 28 17 48 0 20 92 28 48 74 98 34 50 78
62 52 41 85 87 20 0 61 71 58 49 32 27 71 22
59 57 99 95 25 92 61 0 26 62 85 24 48 97 79
97 13 95 69 86 28 71 26 0 11 92 24 72 51 47
99 31 83 82 81 48 58 62 11 0 47 40 11 83 94
21 96 91 40 91 74 49 85 92 47 0 45 21 46 70
53 93 37 55 96 98 32 24 24 40 45 0 80 15 87
17 15 57 16 53 34 27 48 72 11 21 80 0 84 29
10 40 39 85 18 50 71 97 51 83 46 15 84 0 69
75 79 77 25 36 78 22 79 47 94 70 87 29 69 0