15
0 33 92 89 71 16 45 97 86 74 35 26 49 85 23
33 0 94 36 15 16 44 71 43 33 74 11 57 99 19
92 94 0 52 20 66 69 85 73 15 61 85 31 70 46
89 36 52 0 59 61 83 39 10 46 82 17 89 30 21
71 15 20 59 0 85 28 24 71 45 33 70 46 63 56
16 16 66 61 85 0 58 28 65 75 74 76 94 23 89
45 44 69 83 28 58 0 39 28 29 18 73 63 29 50
97 71 85 39 24 28 39 0 32 27 58 70 31 51 81
86 43 73 10 71 65 28 32 0 73 81 34 26 50 36
74 33 15 46 45 75 29 27 73 0 10 89 60 89 70
35 74 61 82 33 74 18 58 81 10 0 68 31 30 54
26 11 85 17 70 76 73 70 34 89 68 0 61 20 74
49 57 31 89 46 94 63 31 26 60 31 61 0 98 14
85 99 70 30 63 23 29 51 50 89 30 20 98 0 17
23 19 46 21 56 89 50 81 36 70 54 74 14 17 0