15
0 80 15 32 18 59 46 67 76 92 77 83 66 45 95
80 0 98 78 94 16 55 27 39 57 74 89 76 81 74
15 98 0 90 46 52 30 84 52 79 87 87 88 88 57
32 78 90 0 18 92 51 44 22 90 32 65 75 44 10
18 94 46 18 0 67 96 23 39 68 36 29 86 29 74
59 16 52 92 67 0 55 46 24 86 88 47 34 11 57
46 55 30 51 96 55 0 30 26 87 21 39 32 64 44
67 27 84 44 23 46 30 0 13 92 97 38 50 85 75
76 39 52 22 39 24 26 13 0 36 16 26 25 35 70
92 57 79 90 68 86 87 92 36 0 38 28 95 65 63
77 74 87 32 36 88 21 97 16 38 0 66 27 51 18
83 89 87 65 29 47 39 38 26 28 66 0 17 43 74
66 76 88 75 86 34 32 50 25 95 27 17 0 75 91
45 81 88 44 29 11 64 85 35 65 51 43 75 0 82
95 74 57 10 74 57 44 75 70 63 18 74 91 82 0