15
0 58 10 89 11 58 28 30 74 29 10 30 47 85 91
58 0 44 26 96 92 23 81 46 49 98 91 73 23 11
10 44 0 30 98 68 87 21 54 45 46 40 50 88 37
89 26 30 0 85 99 64 16 14 25 53 55 89 85 56
11 96 98 85 0 70 67 48 80 62 95 92 88 34 34
58 92 68 99 70 0 32 64 24 26 71 45 41 36 19
28 23 87 64 67 32 0 66 21 43 59 10 52 67 71
30 81 21 16 48 64 66 0 31 79 25 11 45 99 63
74 46 54 14 80 24 21 31 0 61 50 79 10 81 16
29 49 45 25 62 26 43 79 61 0 83 73 28 57 23
10 98 46 53 95 71 59 25 50 83 0 88 26 38 75
30 91 40 55 92 45 10 11 79 73 88 0 36 95 60
47 73 50 89 88 41 52 45 10 28 26 36 0 15 44
85 23 88 85 34 36 67 99 81 57 38 95 15 0 16
91 11 37 56 34 19 71 63 16 23 75 60 44 16 0