15
0 86 64 86 48 48 30 35 91 88 24 79 69 75 62
86 0 52 65 13 89 18 23 87 94 42 36 63 98 99
64 52 0 33 86 62 46 25 14 38 73 14 61 27 45
86 65 33 0 69 61 31 62 69 49 43 86 64 49 72
48 13 86 69 0 66 15 39 69 64 71 29 52 17 56
48 89 62 61 66 0 79 50 68 23 11 72 92 80 38
30 18 46 31 15 79 0 75 52 64 88 53 89 93 32
35 23 25 62 39 50 75 0 77 59 66 76 52 60 81
91 87 14 69 69 68 52 77 0 92 51 33 52 25 47
88 94 38 49 64 23 64 59 92 0 79 23 88 51 55
24 42 73 43 71 11 88 66 51 79 0 75 72 17 47
79 36 14 86 29 72 53 76 33 23 75 0 25 50 85
69 63 61 64 52 92 89 52 52 88 72 25 0 71 20
75 98 27 49 17 80 93 60 25 51 17 50 71 0 97
62 99 45 72 56 38 32 81 47 55 47 85 20 97 0