15
0 58 86 45 97 45 53 18 34 75 63 67 21 56 25
58 0 52 15 13 74 91 21 29 40 62 90 19 35 12
86 52 0 50 87 14 96 69 97 17 13 87 47 43 56
45 15 50 0 28 77 22 25 95 30 20 75 86 86 48
97 13 87 28 0 36 94 70 86 78 26 84 16 69 12
45 74 14 77 36 0 40 87 12 11 52 94 47 56 26
53 91 96 22 94 40 0 88 34 17 46 89 99 72 71
18 21 69 25 70 87 88 0 16 88 65 53 43 20 79
34 29 97 95 86 12 34 16 0 93 89 45 33 68 49
75 40 17 30 78 11 17 88 93 0 43 50 40 59 34
63 62 13 20 26 52 46 65 89 43 0 50 48 75 85
67 90 87 75 84 94 89 53 45 50 50 0 98 33 90
21 19 47 86 16 47 99 43 33 40 48 98 0 21 74
56 35 43 86 69 56 72 20 68 59 75 33 21 0 75
25 12 56 48 12 26 71 79 49 34 85 90 74 75 0