15
0 79 96 12 18 74 82 62 24 87 75 95 22 34 72
79 0 64 95 10 64 47 64 32 28 24 59 72 64 54
96 64 0 45 54 29 34 32 45 72 58 44 54 60 58
12 95 45 0 16 48 78 87 65 17 45 95 60 59 97
18 10 54 16 0 29 49 94 17 95 72 85 40 75 73
74 64 29 48 29 0 30 88 16 87 88 21 97 81 85
82 47 34 78 49 30 0 96 79 79 49 54 69 80 59
62 64 32 87 94 88 96 0 92 36 37 69 30 10 43
24 32 45 65 17 16 79 92 0 73 16 46 38 50 35
87 28 72 17 95 87 79 36 73 0 42 37 97 39 33
75 24 58 45 72 88 49 37 16 42 0 84 89 40 64
95 59 44 95 85 21 54 69 46 37 84 0 42 45 74
22 72 54 60 40 97 69 30 38 97 89 42 0 34 72
34 64 60 59 75 81 80 10 50 39 40 45 34 0 68
72 54 58 97 73 85 59 43 35 33 64 74 72 68 0