15
0 44 20 42 72 63 66 88 64 80 70 28 61 77 57
44 0 57 77 24 28 37 10 55 97 68 71 87 51 44
20 57 0 53 89 81 36 40 24 83 40 64 29 85 51
42 77 53 0 85 51 99 98 54 28 56 99 74 99 76
72 24 89 85 0 39 68 70 85 77 58 99 10 46 36
63 28 81 51 39 0 89 89 78 43 21 24 38 17 47
66 37 36 99 68 89 0 85 94 12 50 72 30 49 49
88 10 40 98 70 89 85 0 24 52 46 42 35 36 23
64 55 24 54 85 78 94 24 0 92 15 82 39 34 40
80 97 83 28 77 43 12 52 92 0 22 50 44 88 69
70 68 40 56 58 21 50 46 15 22 0 33 75 89 18
28 71 64 99 99 24 72 42 82 50 33 0 49 33 77
61 87 29 74 10 38 30 35 39 44 75 49 0 73 71
77 51 85 99 46 17 49 36 34 88 89 33 73 0 71
57 44 51 76 36 47 49 23 40 69 18 77 71 71 0