15
0 47 19 64 59 30 48 44 56 99 86 29 72 14 36
47 0 61 33 64 34 51 41 54 91 21 54 11 62 99
19 61 0 96 75 53 18 57 97 87 73 67 88 58 58
64 33 96 0 37 30 48 80 60 27 29 60 65 44 65
59 64 75 37 0 50 78 27 98 99 19 97 38 12 56
30 34 53 30 50 0 17 64 49 25 57 12 45 76 88
48 51 18 48 78 17 0 18 35 70 95 34 77 34 51
44 41 57 80 27 64 18 0 73 46 73 77 52 49 13
56 54 97 60 98 49 35 73 0 68 15 43 74 68 94
99 91 87 27 99 25 70 46 68 0 38 98 49 22 88
86 21 73 29 19 57 95 73 15 38 0 42 12 35 18
29 54 67 60 97 12 34 77 43 98 42 0 73 82 40
72 11 88 65 38 45 77 52 74 49 12 73 0 18 58
14 62 58 44 12 76 34 49 68 22 35 82 18 0 91
36 99 58 65 56 88 51 13 94 88 18 40 58 91 0