15
0 86 40 51 90 87 43 85 29 32 51 26 85 56 51
86 0 34 76 32 86 25 67 71 91 14 19 35 21 93
40 34 0 15 52 75 89 26 96 64 58 28 88 40 38
51 76 15 0 31 18 93 55 31 28 16 79 32 98 87
90 32 52 31 0 23 76 98 23 83 26 91 44 18 79
87 86 75 18 23 0 55 31 51 40 80 43 27 28 66
43 25 89 93 76 55 0 14 40 51 71 71 85 30 52
85 67 26 55 98 31 14 0 73 66 59 18 84 98 63
29 71 96 31 23 51 40 73 0 37 95 19 34 28 93
32 91 64 28 83 40 51 66 37 0 46 72 58 10 37
51 14 58 16 26 80 71 59 95 46 0 21 40 81 25
26 19 28 79 91 43 71 18 19 72 21 0 35 57 48
85 35 88 32 44 27 85 84 34 58 40 35 0 57 77
56 21 40 98 18 28 30 98 28 10 81 57 57 0 47
51 93 38 87 79 66 52 63 93 37 25 48 77 47 0