15
0 79 54 54 58 29 98 25 60 98 37 53 59 65 55
79 0 38 54 77 86 26 39 46 45 21 30 30 95 18
54 38 0 33 20 90 38 55 55 79 36 32 18 37 59
54 54 33 0 69 21 49 98 65 76 31 45 96 28 20
58 77 20 69 0 16 12 56 18 19 92 81 16 82 99
29 86 90 21 16 0 22 84 11 59 95 37 68 69 36
98 26 38 49 12 22 0 20 32 28 19 60 90 98 90
25 39 55 98 56 84 20 0 89 31 61 31 93 52 64
60 46 55 65 18 11 32 89 0 95 22 20 88 61 76
98 45 79 76 19 59 28 31 95 0 12 10 89 25 36
37 21 36 31 92 95 19 61 22 12 0 80 12 49 98
53 30 32 45 81 37 60 31 20 10 80 0 79 25 59
59 30 18 96 16 68 90 93 88 89 12 79 0 30 96
65 95 37 28 82 69 98 52 61 25 49 25 30 0 51
55 18 59 20 99 36 90 64 76 36 98 59 96 51 0