15
0 71 65 11 47 96 63 46 99 70 92 94 88 68 78
71 0 76 91 72 14 58 94 11 75 24 99 20 28 88
65 76 0 81 45 80 99 41 73 66 91 57 42 37 65
11 91 81 0 22 73 26 35 59 40 70 50 10 63 46
47 72 45 22 0 62 41 61 72 32 90 21 40 35 74
96 14 80 73 62 0 70 75 74 23 86 44 53 56 85
63 58 99 26 41 70 0 45 25 81 17 62 98 25 71
46 94 41 35 61 75 45 0 67 57 71 78 92 73 17
99 11 73 59 72 74 25 67 0 72 17 68 20 85 12
70 75 66 40 32 23 81 57 72 0 89 83 97 91 60
92 24 91 70 90 86 17 71 17 89 0 73 37 93 65
94 99 57 50 21 44 62 78 68 83 73 0 93 81 70
88 20 42 10 40 53 98 92 20 97 37 93 0 39 57
68 28 37 63 35 56 25 73 85 91 93 81 39 0 18
78 88 65 46 74 85 71 17 12 60 65 70 57 18 0