15
0 49 84 54 27 18 83 33 12 56 30 66 22 38 47
49 0 64 46 38 18 82 25 19 64 10 84 36 71 80
84 64 0 93 43 27 22 74 88 89 84 62 61 15 76
54 46 93 0 17 49 48 44 48 42 20 82 69 17 45
27 38 43 17 0 35 34 16 80 53 18 67 95 10 25
18 18 27 49 35 0 33 15 86 29 46 70 35 92 78
83 82 22 48 34 33 0 30 49 58 71 97 44 97 15
33 25 74 44 16 15 30 0 71 65 37 64 73 96 95
12 19 88 48 80 86 49 71 0 40 63 31 66 96 43
56 64 89 42 53 29 58 65 40 0 90 92 36 84 52
30 10 84 20 18 46 71 37 63 90 0 95 61 63 50
66 84 62 82 67 70 97 64 31 92 95 0 61 82 19
22 36 61 69 95 35 44 73 66 36 61 61 0 13 94
38 71 15 17 10 92 97 96 96 84 63 82 13 0 91
47 80 76 45 25 78 15 95 43 52 50 19 94 91 0