15
0 64 68 35 12 53 69 85 60 80 83 38 90 68 45
64 0 52 12 48 24 99 43 62 89 43 23 49 76 23
68 52 0 28 92 91 69 10 94 30 79 26 93 40 47
35 12 28 0 56 28 76 44 27 99 92 31 42 11 68
12 48 92 56 0 18 28 42 82 13 28 84 73 87 28
53 24 91 28 18 0 14 98 37 40 52 72 92 96 92
69 99 69 76 28 14 0 11 18 20 19 95 84 35 69
85 43 10 44 42 98 11 0 14 47 56 34 50 39 28
60 62 94 27 82 37 18 14 0 94 65 89 89 93 93
80 89 30 99 13 40 20 47 94 0 98 16 83 73 34
83 43 79 92 28 52 19 56 65 98 0 26 65 59 35
38 23 26 31 84 72 95 34 89 16 26 0 19 53 50
90 49 93 42 73 92 84 50 89 83 65 19 0 59 80
68 76 40 11 87 96 35 39 93 73 59 53 59 0 53
45 23 47 68 28 92 69 28 93 34 35 50 80 53 0