15
0 27 54 89 70 87 67 45 52 89 84 96 57 80 92
27 0 86 54 32 26 43 47 71 91 58 76 46 22 53
54 86 0 77 66 49 77 73 82 61 90 35 88 56 91
89 54 77 0 44 47 14 17 38 22 96 66 12 52 41
70 32 66 44 0 14 63 79 61 28 70 10 27 97 31
87 26 49 47 14 0 74 10 47 92 22 15 32 42 54
67 43 77 14 63 74 0 83 69 59 50 41 94 21 82
45 47 73 17 79 10 83 0 64 95 15 59 54 50 16
52 71 82 38 61 47 69 64 0 27 26 75 58 37 18
89 91 61 22 28 92 59 95 27 0 44 33 61 31 92
84 58 90 96 70 22 50 15 26 44 0 33 93 15 37
96 76 35 66 10 15 41 59 75 33 33 0 12 73 32
57 46 88 12 27 32 94 54 58 61 93 12 0 64 51
80 22 56 52 97 42 21 50 37 31 15 73 64 0 75
92 53 91 41 31 54 82 16 18 92 37 32 51 75 0