15
0 23 50 41 43 73 93 25 32 99 31 16 49 61 28
23 0 62 31 19 60 12 28 53 26 82 68 76 38 40
50 62 0 82 35 64 47 54 53 37 19 35 90 51 70
41 31 82 0 29 49 64 57 81 94 10 51 40 50 17
43 19 35 29 0 68 82 44 50 81 96 52 84 35 49
73 60 64 49 68 0 44 25 90 77 33 41 16 25 29
93 12 47 64 82 44 0 58 42 47 64 38 61 83 31
25 28 54 57 44 25 58 0 59 46 34 52 10 87 34
32 53 53 81 50 90 42 59 0 35 18 79 41 48 50
99 26 37 94 81 77 47 46 35 0 31 51 57 68 31
31 82 19 10 96 33 64 34 18 31 0 40 46 57 21
16 68 35 51 52 41 38 52 79 51 40 0 97 87 20
49 76 90 40 84 16 61 10 41 57 46 97 0 63 56
61 38 51 50 35 25 83 87 48 68 57 87 63 0 97
28 40 70 17 49 29 31 34 50 31 21 20 56 97 0